   1.0232
   1.0904
   0.9836
  -0.0508
  -0.7518
  -1.0054
  -1.1602
  -1.2763
  -1.3717
  -1.4732
  -1.5967
  -1.7706
   1.0812
   1.0404
   1.0231
   1.0329
   0.7817
   0.5475
   0.0155
  -0.4371
  -0.6164
  -0.8513
  -0.9507
  -1.0782
  -1.1430
  -1.2244
  -1.2896
  -1.3402
  -1.3937
  -1.4342
  -1.5021
  -1.5507
  -1.6399
  -1.7015
  -1.8166
  -1.9440
  -2.1385
  -2.3247
  -2.5172
   1.1232
   1.0524
   0.9873
   0.9274
   0.6652
   0.4428
   0.0741
  -0.2971
  -0.5019
  -0.7552
  -0.8715
  -1.0227
  -1.1189
  -1.2155
  -1.2760
  -1.3522
  -1.4033
  -1.4542
  -1.5269
  -1.5812
  -1.6750
  -1.7475
  -1.8576
  -1.9817
  -2.1587
  -2.3297
  -2.5211
  -2.6992
  -2.8714
  -3.0362
  -3.1884
   1.0606
   0.9521
   0.8377
   0.6216
   0.3925
   0.1007
  -0.1991
  -0.4024
  -0.6632
  -0.8062
  -0.9857
  -1.0877
  -1.1955
  -1.2650
  -1.3480
  -1.4104
  -1.4686
  -1.5421
  -1.6032
  -1.6892
  -1.7832
  -1.8961
  -2.0077
  -2.1797
  -2.3463
  -2.5211
  -2.7030
  -2.8814
  -3.0462
  -3.2072
  -3.3446
  -3.4886
  -3.7406
   1.0619
   0.9521
   0.8157
   0.6361
   0.3813
   0.1376
  -0.1293
  -0.3384
  -0.5890
  -0.7618
  -0.9449
  -1.0597
  -1.1806
  -1.2562
  -1.3420
  -1.4114
  -1.4806
  -1.5489
  -1.6132
  -1.7034
  -1.8013
  -1.9091
  -2.0253
  -2.1907
  -2.3543
  -2.5391
  -2.7110
  -2.8914
  -3.0573
  -3.2270
  -3.3646
  -3.5076
  -3.6275
  -3.7586
  -3.8612
  -3.9695
   1.0686
   0.9764
   0.8277
   0.6769
   0.4293
   0.2107
  -0.0753
  -0.2956
  -0.5470
  -0.7364
  -0.9181
  -1.0457
  -1.1658
  -1.2550
  -1.3380
  -1.4024
  -1.4778
  -1.5441
  -1.6152
  -1.6954
  -1.8093
  -1.9191
  -2.0353
  -2.2007
  -2.3667
  -2.5501
  -2.7232
  -2.9104
  -3.0724
  -3.2470
  -3.3846
  -3.5276
  -3.6475
  -3.7742
  -3.8741
  -3.9787
  -4.0559
  -4.1165
  -4.1462
  -4.1466
   1.0886
   1.0193
   0.8657
   0.7519
   0.5038
   0.3048
  -0.0085
  -0.2609
  -0.5269
  -0.7410
  -0.9114
  -1.0527
  -1.1578
  -1.2540
  -1.3320
  -1.3928
  -1.4726
  -1.5319
  -1.6052
  -1.6854
  -1.8030
  -1.8931
  -2.0357
  -2.2005
  -2.3767
  -2.5601
  -2.7370
  -2.9228
  -3.0924
  -3.2670
  -3.4046
  -3.5537
  -3.6675
  -3.7942
  -3.8881
  -3.9877
  -4.0599
  -4.1174
  -4.1502
  -4.1556
  -4.1217
  -4.0686
  -3.8554
   1.1019
   1.0668
   0.9375
   0.8752
   0.6078
   0.4172
   0.0569
  -0.2579
  -0.5284
  -0.7770
  -0.9254
  -1.0688
  -1.1652
  -1.2528
  -1.3280
  -1.3838
  -1.4554
  -1.5071
  -1.5872
  -1.6552
  -1.7810
  -1.8736
  -2.0257
  -2.1905
  -2.3762
  -2.5752
  -2.7510
  -2.9428
  -3.1124
  -3.2870
  -3.4271
  -3.5766
  -3.6918
  -3.8176
  -3.9090
  -4.0140
  -4.0735
  -4.1354
  -4.1602
  -4.1720
  -4.1357
  -4.1019
  -3.9918
  -3.8704
  -3.6985
  -3.5196
  -3.1796
   1.0944
   1.1218
   1.0733
   1.0424
   0.7605
   0.5587
   0.1249
  -0.2972
  -0.5964
  -0.8577
  -0.9749
  -1.0890
  -1.1675
  -1.2438
  -1.3181
  -1.3663
  -1.4314
  -1.4771
  -1.5572
  -1.6199
  -1.7370
  -1.8266
  -2.0020
  -2.1770
  -2.3787
  -2.5804
  -2.7708
  -2.9628
  -3.1324
  -3.3070
  -3.4555
  -3.6137
  -3.7198
  -3.8386
  -3.9350
  -4.0440
  -4.0966
  -4.1464
  -4.1685
  -4.1922
  -4.1698
  -4.1536
  -4.0243
  -3.8963
  -3.6992
  -3.5029
  -3.3237
  -3.1439
  -3.0220
  -2.8841
   1.0764
   1.1668
   1.2130
   1.2059
   0.9245
   0.7534
   0.1872
  -0.4202
  -0.7160
  -0.9297
  -1.0119
  -1.0862
  -1.1655
  -1.2223
  -1.2961
  -1.3197
  -1.3950
  -1.4142
  -1.5072
  -1.5429
  -1.6750
  -1.7601
  -1.9580
  -2.1515
  -2.3787
  -2.5855
  -2.7808
  -2.9648
  -3.1444
  -3.3178
  -3.4775
  -3.6257
  -3.7362
  -3.8496
  -3.9572
  -4.0665
  -4.1306
  -4.1530
  -4.1645
  -4.1886
  -4.2219
  -4.2163
  -4.0765
  -3.9172
  -3.7007
  -3.5009
  -3.3087
  -3.1295
  -2.9900
  -2.8621
  -2.7834
  -2.7054
  -2.6981
  -2.6850
   1.1666
   1.2686
   1.1621
   1.0155
   0.6790
   0.2370
  -0.3270
  -0.7638
  -0.8913
  -1.0109
  -1.0781
  -1.1535
  -1.2203
  -1.2723
  -1.3233
  -1.3590
  -1.3965
  -1.4567
  -1.4957
  -1.6107
  -1.7176
  -1.9143
  -2.1195
  -2.3592
  -2.5505
  -2.7670
  -2.9378
  -3.1336
  -3.2918
  -3.4715
  -3.5936
  -3.7382
  -3.8416
  -3.9592
  -4.0417
  -4.1386
  -4.1530
  -4.1687
  -4.2066
  -4.2243
  -4.2116
  -4.1105
  -3.9463
  -3.7207
  -3.5459
  -3.3297
  -3.1929
  -3.0060
  -2.9201
  -2.7938
  -2.7564
  -2.7031
  -2.7114
  -2.7133
  -2.7418
  -2.8502
   1.1310
   1.1549
   1.0134
   0.9078
   0.5324
   0.2013
  -0.2366
  -0.6482
  -0.7924
  -0.9634
  -1.0499
  -1.1455
  -1.2026
  -1.2682
  -1.3067
  -1.3538
  -1.3736
  -1.4116
  -1.4536
  -1.5767
  -1.7226
  -1.8995
  -2.0982
  -2.3152
  -2.5015
  -2.7306
  -2.8988
  -3.0996
  -3.2528
  -3.4351
  -3.5589
  -3.7075
  -3.8180
  -3.9390
  -4.0200
  -4.1039
  -4.1493
  -4.1779
  -4.2112
  -4.2331
  -4.1773
  -4.1078
  -3.9584
  -3.7652
  -3.6016
  -3.3937
  -3.2582
  -3.0777
  -2.9791
  -2.8498
  -2.8061
  -2.7391
  -2.7357
  -2.7273
  -2.7608
  -2.7927
  -2.8589
  -2.9214
  -2.9994
  -3.1781
   1.1129
   1.0852
   0.8939
   0.7558
   0.4150
   0.1353
  -0.2105
  -0.5302
  -0.7214
  -0.9084
  -1.0228
  -1.1255
  -1.1926
  -1.2582
  -1.2967
  -1.3378
  -1.3675
  -1.3921
  -1.4714
  -1.5824
  -1.7416
  -1.9040
  -2.0940
  -2.2842
  -2.4744
  -2.6886
  -2.8678
  -3.0624
  -3.2128
  -3.3915
  -3.5269
  -3.6775
  -3.7926
  -3.9150
  -4.0007
  -4.0819
  -4.1375
  -4.1839
  -4.2068
  -4.2089
  -4.1680
  -4.0898
  -3.9715
  -3.8079
  -3.6600
  -3.4567
  -3.3192
  -3.1377
  -3.0361
  -2.8981
  -2.8471
  -2.7752
  -2.7671
  -2.7473
  -2.7769
  -2.8087
  -2.8612
  -2.9245
  -2.9994
  -3.0856
  -3.1722
  -3.2759
  -3.3881
   1.0974
   0.9975
   0.8133
   0.6398
   0.3480
   0.0843
  -0.2155
  -0.4908
  -0.6940
  -0.8794
  -1.0047
  -1.1146
  -1.1916
  -1.2522
  -1.3043
  -1.3358
  -1.3813
  -1.4136
  -1.5082
  -1.6045
  -1.7601
  -1.8997
  -2.0657
  -2.2637
  -2.4444
  -2.6586
  -2.8378
  -3.0324
  -3.1820
  -3.3615
  -3.4969
  -3.6533
  -3.7680
  -3.8921
  -3.9815
  -4.0723
  -4.1365
  -4.1834
  -4.2148
  -4.2069
  -4.1760
  -4.1009
  -4.0045
  -3.8539
  -3.7093
  -3.5138
  -3.3745
  -3.1937
  -3.0771
  -2.9441
  -2.8865
  -2.8072
  -2.7805
  -2.7670
  -2.7819
  -2.8111
  -2.8599
  -2.9265
  -2.9994
  -3.0856
  -3.1722
  -3.2715
  -3.3791
  -3.5054
  -3.6364
  -3.7660
  -3.8873
   1.0955
   0.9556
   0.7621
   0.5613
   0.2697
   0.0323
  -0.2479
  -0.4808
  -0.7034
  -0.8714
  -1.0127
  -1.1126
  -1.2008
  -1.2601
  -1.3137
  -1.3498
  -1.4052
  -1.4467
  -1.5350
  -1.6268
  -1.7611
  -1.8965
  -2.0459
  -2.2377
  -2.4192
  -2.6286
  -2.8078
  -3.0036
  -3.1610
  -3.3355
  -3.4759
  -3.6273
  -3.7514
  -3.8761
  -3.9722
  -4.0663
  -4.1436
  -4.1934
  -4.2312
  -4.2209
  -4.1987
  -4.1213
  -4.0446
  -3.8976
  -3.7667
  -3.5698
  -3.4245
  -3.2393
  -3.1231
  -2.9841
  -2.9085
  -2.8292
  -2.8005
  -2.7807
  -2.7919
  -2.8115
  -2.8589
  -2.9214
  -2.9908
  -3.0816
  -3.1632
  -3.2659
  -3.3723
  -3.4994
  -3.6348
  -3.7620
  -3.8783
  -4.0045
  -4.1208
  -4.3633
   0.9477
   0.7422
   0.5133
   0.2327
  -0.0077
  -0.2959
  -0.5108
  -0.7404
  -0.8854
  -1.0357
  -1.1306
  -1.2208
  -1.2801
  -1.3337
  -1.3670
  -1.4262
  -1.4727
  -1.5539
  -1.6428
  -1.7601
  -1.8865
  -2.0281
  -2.2167
  -2.3905
  -2.5988
  -2.7803
  -2.9764
  -3.1318
  -3.3115
  -3.4530
  -3.6073
  -3.7404
  -3.8661
  -3.9722
  -4.0667
  -4.1527
  -4.2051
  -4.2502
  -4.2489
  -4.2404
  -4.1593
  -4.0936
  -3.9473
  -3.8177
  -3.6227
  -3.4689
  -3.2813
  -3.1551
  -3.0152
  -2.9285
  -2.8492
  -2.8052
  -2.7867
  -2.7880
  -2.8135
  -2.8499
  -2.9165
  -2.9808
  -3.0676
  -3.1501
  -3.2559
  -3.3591
  -3.4914
  -3.6258
  -3.7520
  -3.8762
  -3.9970
  -4.1108
  -4.2370
  -4.3533
  -4.4773
  -4.5849
   0.9558
   0.7566
   0.4927
   0.2150
  -0.0569
  -0.3721
  -0.5689
  -0.8098
  -0.9349
  -1.0858
  -1.1595
  -1.2496
  -1.3002
  -1.3537
  -1.3870
  -1.4413
  -1.4887
  -1.5607
  -1.6470
  -1.7421
  -1.8733
  -2.0081
  -2.1847
  -2.3644
  -2.5786
  -2.7593
  -2.9564
  -3.1198
  -3.2895
  -3.4420
  -3.5931
  -3.7249
  -3.8623
  -3.9730
  -4.0711
  -4.1627
  -4.2228
  -4.2766
  -4.2790
  -4.2879
  -4.2133
  -4.1526
  -4.0013
  -3.8693
  -3.6717
  -3.5099
  -3.3210
  -3.1821
  -3.0395
  -2.9395
  -2.8622
  -2.8072
  -2.7827
  -2.7839
  -2.8075
  -2.8477
  -2.9056
  -2.9618
  -3.0493
  -3.1311
  -3.2419
  -3.3443
  -3.4783
  -3.6074
  -3.7423
  -3.8672
  -3.9885
  -4.1098
  -4.2270
  -4.3433
  -4.4673
  -4.5749
  -4.6925
  -4.8001
  -4.8980
  -4.9988
   0.9998
   0.8252
   0.5077
   0.2105
  -0.1209
  -0.4747
  -0.6649
  -0.9091
  -0.9997
  -1.1411
  -1.1995
  -1.2863
  -1.3242
  -1.3752
  -1.4030
  -1.4465
  -1.4947
  -1.5505
  -1.6335
  -1.7131
  -1.8462
  -1.9779
  -2.1607
  -2.3395
  -2.5526
  -2.7393
  -2.9376
  -3.1096
  -3.2795
  -3.4249
  -3.5773
  -3.7239
  -3.8593
  -3.9830
  -4.0815
  -4.1817
  -4.2446
  -4.3163
  -4.3221
  -4.3486
  -4.2797
  -4.2305
  -4.0619
  -3.9136
  -3.7077
  -3.5362
  -3.3487
  -3.1971
  -3.0515
  -2.9402
  -2.8622
  -2.8072
  -2.7801
  -2.7739
  -2.8035
  -2.8287
  -2.8916
  -2.9336
  -3.0253
  -3.1021
  -3.2179
  -3.3333
  -3.4625
  -3.5889
  -3.7323
  -3.8572
  -3.9885
  -4.1098
  -4.2262
  -4.3387
  -4.4573
  -4.5649
  -4.6860
  -4.7991
  -4.9020
  -5.0023
  -5.0944
  -5.1838
  -5.2776
  -5.3642
   1.0697
   0.9497
   0.5796
   0.2244
  -0.2163
  -0.6387
  -0.7952
  -1.0127
  -1.0752
  -1.1982
  -1.2384
  -1.3171
  -1.3504
  -1.3952
  -1.4198
  -1.4586
  -1.4862
  -1.5299
  -1.6036
  -1.6646
  -1.8022
  -1.9367
  -2.1272
  -2.3095
  -2.5286
  -2.7193
  -2.9209
  -3.1086
  -3.2711
  -3.4149
  -3.5728
  -3.7282
  -3.8643
  -3.9937
  -4.0955
  -4.2088
  -4.2746
  -4.3547
  -4.3691
  -4.4223
  -4.3537
  -4.3084
  -4.1225
  -3.9569
  -3.7427
  -3.5562
  -3.3607
  -3.1971
  -3.0475
  -2.9309
  -2.8542
  -2.7892
  -2.7661
  -2.7510
  -2.7891
  -2.8199
  -2.8758
  -2.9036
  -2.9885
  -3.0658
  -3.1991
  -3.3053
  -3.4445
  -3.5715
  -3.7223
  -3.8472
  -3.9861
  -4.1098
  -4.2262
  -4.3297
  -4.4495
  -4.5648
  -4.6895
  -4.8009
  -4.9128
  -5.0103
  -5.0944
  -5.1928
  -5.2816
  -5.3733
  -5.4636
  -5.5490
  -5.7049
   1.1074
   1.1195
   0.7856
   0.2108
  -0.3625
  -0.7960
  -0.9252
  -1.0992
  -1.1414
  -1.2373
  -1.2804
  -1.3371
  -1.3704
  -1.4076
  -1.4318
  -1.4606
  -1.4911
  -1.4987
  -1.5636
  -1.5881
  -1.7442
  -1.8844
  -2.0972
  -2.2795
  -2.5024
  -2.6978
  -2.9003
  -3.1081
  -3.2531
  -3.4011
  -3.5628
  -3.7340
  -3.8843
  -4.0047
  -4.1132
  -4.2478
  -4.3051
  -4.3757
  -4.4243
  -4.4761
  -4.4337
  -4.3833
  -4.1785
  -3.9725
  -3.7597
  -3.5705
  -3.3680
  -3.1851
  -3.0335
  -2.9119
  -2.8382
  -2.7858
  -2.7541
  -2.7480
  -2.7711
  -2.8144
  -2.8687
  -2.8928
  -2.9508
  -3.0717
  -3.1851
  -3.3081
  -3.4294
  -3.5689
  -3.7123
  -3.8372
  -3.9796
  -4.1008
  -4.2173
  -4.3223
  -4.4435
  -4.5558
  -4.6875
  -4.7901
  -4.9137
  -5.0033
  -5.0985
  -5.1938
  -5.2876
  -5.3922
  -5.4736
  -5.5654
  -5.6359
  -5.7201
  -5.7844
  -5.8566
   1.1430
   1.0366
   0.8519
   0.2128
  -0.4245
  -0.7386
  -0.9894
  -1.0840
  -1.1717
  -1.2442
  -1.3024
  -1.3569
  -1.3865
  -1.4262
  -1.4386
  -1.4696
  -1.4815
  -1.5094
  -1.5322
  -1.5806
  -1.7053
  -1.8864
  -2.0682
  -2.2727
  -2.4882
  -2.6908
  -2.8863
  -3.0813
  -3.2477
  -3.4161
  -3.5706
  -3.7437
  -3.8892
  -4.0147
  -4.1219
  -4.2311
  -4.3143
  -4.3803
  -4.4384
  -4.4550
  -4.4593
  -4.3374
  -4.1928
  -3.9562
  -3.7677
  -3.5682
  -3.3733
  -3.1621
  -3.0078
  -2.8742
  -2.8252
  -2.7825
  -2.7541
  -2.7519
  -2.7715
  -2.8131
  -2.8527
  -2.8996
  -2.9668
  -3.0820
  -3.1955
  -3.3123
  -3.4334
  -3.5499
  -3.6983
  -3.8260
  -3.9696
  -4.0908
  -4.2073
  -4.3287
  -4.4435
  -4.5638
  -4.6765
  -4.7891
  -4.9008
  -4.9998
  -5.0985
  -5.1956
  -5.2931
  -5.3942
  -5.4808
  -5.5674
  -5.6479
  -5.7211
  -5.7904
  -5.8576
  -5.9175
  -5.9698
  -6.0214
   0.8686
   0.6852
   0.1708
  -0.3031
  -0.5956
  -0.8989
  -1.0135
  -1.1462
  -1.2172
  -1.2964
  -1.3401
  -1.3884
  -1.4182
  -1.4446
  -1.4706
  -1.4961
  -1.5249
  -1.5501
  -1.6256
  -1.7305
  -1.9167
  -2.0732
  -2.2765
  -2.4806
  -2.6808
  -2.8838
  -3.0693
  -3.2504
  -3.4181
  -3.5826
  -3.7393
  -3.8853
  -4.0075
  -4.1279
  -4.2238
  -4.3083
  -4.3543
  -4.4043
  -4.3909
  -4.3933
  -4.2435
  -4.1362
  -3.9240
  -3.7467
  -3.5365
  -3.3607
  -3.1551
  -2.9938
  -2.8888
  -2.8232
  -2.7981
  -2.7627
  -2.7850
  -2.7895
  -2.8391
  -2.8606
  -2.9362
  -2.9971
  -3.0981
  -3.1955
  -3.3123
  -3.4307
  -3.5479
  -3.6863
  -3.8162
  -3.9596
  -4.0860
  -4.2070
  -4.3233
  -4.4435
  -4.5549
  -4.6725
  -4.7801
  -4.8948
  -4.9988
  -5.0985
  -5.1966
  -5.2991
  -5.3942
  -5.4808
  -5.5600
  -5.6439
  -5.7169
  -5.7904
  -5.8576
  -5.9175
  -5.9694
  -6.0214
   0.7530
   0.5152
   0.1653
  -0.2107
  -0.4935
  -0.7869
  -0.9247
  -1.1059
  -1.1750
  -1.2715
  -1.3223
  -1.3784
  -1.4082
  -1.4446
  -1.4755
  -1.5006
  -1.5501
  -1.5861
  -1.6661
  -1.7725
  -1.9487
  -2.0978
  -2.2842
  -2.4806
  -2.6798
  -2.8778
  -3.0683
  -3.2504
  -3.4181
  -3.5826
  -3.7383
  -3.8793
  -4.0057
  -4.1235
  -4.2138
  -4.2908
  -4.3370
  -4.3751
  -4.3384
  -4.3129
  -4.1835
  -4.0722
  -3.8873
  -3.7177
  -3.5202
  -3.3337
  -3.1711
  -3.0135
  -2.9178
  -2.8392
  -2.8105
  -2.7907
  -2.7970
  -2.8115
  -2.8601
  -2.8866
  -2.9492
  -3.0131
  -3.1081
  -3.2039
  -3.3181
  -3.4307
  -3.5464
  -3.6823
  -3.8150
  -3.9496
  -4.0770
  -4.2022
  -4.3223
  -4.4413
  -4.5539
  -4.6665
  -4.7719
  -4.8877
  -4.9898
  -5.0945
  -5.1876
  -5.2951
  -5.3852
  -5.4768
  -5.5574
  -5.6379
  -5.7111
  -5.7864
  -5.8486
  -5.9135
  -5.9604
  -6.0174
   0.6890
   0.4481
   0.1570
  -0.1587
  -0.4339
  -0.6989
  -0.8628
  -1.0497
  -1.1479
  -1.2455
  -1.3026
  -1.3682
  -1.3982
  -1.4378
  -1.4723
  -1.5111
  -1.5611
  -1.6099
  -1.6881
  -1.7993
  -1.9697
  -2.1138
  -2.2952
  -2.4846
  -2.6863
  -2.8778
  -3.0683
  -3.2504
  -3.4242
  -3.5826
  -3.7383
  -3.8793
  -4.0057
  -4.1175
  -4.2128
  -4.2848
  -4.3286
  -4.3490
  -4.3137
  -4.2649
  -4.1505
  -4.0356
  -3.8573
  -3.6977
  -3.5059
  -3.3323
  -3.1691
  -3.0355
  -2.9385
  -2.8592
  -2.8238
  -2.8007
  -2.8070
  -2.8251
  -2.8711
  -2.9026
  -2.9596
  -3.0231
  -3.1112
  -3.2099
  -3.3181
  -3.4307
  -3.5464
  -3.6763
  -3.8062
  -3.9421
  -4.0670
  -4.1970
  -4.3133
  -4.4373
  -4.5449
  -4.6625
  -4.7619
  -4.8777
  -4.9798
  -5.0845
  -5.1866
  -5.2891
  -5.3753
  -5.4708
  -5.5510
  -5.6339
  -5.7059
  -5.7804
  -5.8386
  -5.9042
  -5.9594
  -6.0074
   0.6781
   0.4205
   0.1709
  -0.1243
  -0.3919
  -0.6449
  -0.8308
  -1.0101
  -1.1318
  -1.2295
  -1.2991
  -1.3542
  -1.3877
  -1.4278
  -1.4633
  -1.5116
  -1.5575
  -1.6236
  -1.7081
  -1.8193
  -1.9819
  -2.1278
  -2.3142
  -2.4948
  -2.6963
  -2.8818
  -3.0773
  -3.2504
  -3.4252
  -3.5868
  -3.7383
  -3.8793
  -4.0065
  -4.1215
  -4.2218
  -4.2888
  -4.3322
  -4.3379
  -4.3070
  -4.2429
  -4.1295
  -4.0096
  -3.8363
  -3.6747
  -3.4859
  -3.3263
  -3.1681
  -3.0432
  -2.9405
  -2.8712
  -2.8325
  -2.8067
  -2.8080
  -2.8311
  -2.8721
  -2.9086
  -2.9692
  -3.0331
  -3.1152
  -3.2099
  -3.3181
  -3.4307
  -3.5464
  -3.6763
  -3.8062
  -3.9361
  -4.0660
  -4.1910
  -4.3087
  -4.4273
  -4.5349
  -4.6525
  -4.7519
  -4.8677
  -4.9698
  -5.0787
  -5.1776
  -5.2836
  -5.3653
  -5.4656
  -5.5484
  -5.6279
  -5.7021
  -5.7730
  -5.8376
  -5.8982
  -5.9504
  -6.0014
   0.7116
   0.4293
   0.1890
  -0.1089
  -0.3894
  -0.6269
  -0.8278
  -0.9974
  -1.1298
  -1.2235
  -1.2913
  -1.3424
  -1.3782
  -1.4178
  -1.4533
  -1.5016
  -1.5495
  -1.6256
  -1.7101
  -1.8313
  -1.9839
  -2.1438
  -2.3252
  -2.5108
  -2.7128
  -2.8918
  -3.0873
  -3.2560
  -3.4281
  -3.5868
  -3.7383
  -3.8793
  -4.0075
  -4.1275
  -4.2308
  -4.2988
  -4.3476
  -4.3459
  -4.3160
  -4.2362
  -4.1275
  -3.9902
  -3.8163
  -3.6547
  -3.4659
  -3.3070
  -3.1591
  -3.0408
  -2.9405
  -2.8712
  -2.8258
  -2.8067
  -2.8119
  -2.8278
  -2.8654
  -2.9096
  -2.9702
  -3.0391
  -3.1152
  -3.2099
  -3.3148
  -3.4296
  -3.5464
  -3.6763
  -3.8062
  -3.9361
  -4.0660
  -4.1910
  -4.2997
  -4.4173
  -4.5249
  -4.6425
  -4.7501
  -4.8608
  -4.9652
  -5.0687
  -5.1676
  -5.2736
  -5.3553
  -5.4556
  -5.5384
  -5.6279
  -5.7011
  -5.7704
  -5.8355
  -5.8935
  -5.9488
  -5.9993
   0.7608
   0.4794
   0.2121
  -0.1029
  -0.3969
  -0.6348
  -0.8548
  -1.0094
  -1.1449
  -1.2249
  -1.2901
  -1.3384
  -1.3596
  -1.4038
  -1.4285
  -1.4836
  -1.5215
  -1.6113
  -1.6921
  -1.8265
  -1.9827
  -2.1467
  -2.3394
  -2.5248
  -2.7253
  -2.9047
  -3.0973
  -3.2660
  -3.4300
  -3.5868
  -3.7293
  -3.8753
  -4.0090
  -4.1363
  -4.2588
  -4.3168
  -4.3702
  -4.3609
  -4.3350
  -4.2502
  -4.1334
  -3.9782
  -3.7996
  -3.6307
  -3.4415
  -3.2913
  -3.1431
  -3.0308
  -2.9315
  -2.8672
  -2.8158
  -2.8027
  -2.8039
  -2.8335
  -2.8644
  -2.9096
  -2.9702
  -3.0368
  -3.1132
  -3.2059
  -3.3081
  -3.4236
  -3.5374
  -3.6723
  -3.8050
  -3.9361
  -4.0598
  -4.1822
  -4.2897
  -4.4073
  -4.5149
  -4.6325
  -4.7401
  -4.8548
  -4.9642
  -5.0685
  -5.1648
  -5.2636
  -5.3453
  -5.4456
  -5.5359
  -5.6240
  -5.7059
  -5.7710
  -5.8355
  -5.8875
  -5.9398
  -5.9914
   0.5514
   0.2734
  -0.0991
  -0.4339
  -0.6848
  -0.9242
  -1.0381
  -1.1741
  -1.2389
  -1.2879
  -1.3284
  -1.3421
  -1.3798
  -1.3936
  -1.4496
  -1.4825
  -1.5792
  -1.6636
  -1.8117
  -1.9705
  -2.1567
  -2.3555
  -2.5448
  -2.7518
  -2.9247
  -3.1166
  -3.2775
  -3.4339
  -3.5771
  -3.7159
  -3.8706
  -4.0127
  -4.1527
  -4.2789
  -4.3446
  -4.3992
  -4.3889
  -4.3730
  -4.2734
  -4.1613
  -3.9795
  -3.7725
  -3.6027
  -3.4092
  -3.2673
  -3.1231
  -3.0168
  -2.9122
  -2.8492
  -2.7945
  -2.7887
  -2.7849
  -2.8195
  -2.8477
  -2.9056
  -2.9612
  -3.0308
  -3.1062
  -3.2003
  -3.2958
  -3.4127
  -3.5364
  -3.6665
  -3.8050
  -3.9361
  -4.0598
  -4.1722
  -4.2797
  -4.3952
  -4.4959
  -4.6185
  -4.7354
  -4.8525
  -4.9678
  -5.0685
  -5.1610
  -5.2536
  -5.3353
  -5.4356
  -5.5323
  -5.6320
  -5.7191
  -5.7775
  -5.8344
  -5.8835
  -5.9304
  -5.9914
   0.6472
   0.3531
  -0.0871
  -0.5161
  -0.7683
  -1.0195
  -1.1004
  -1.2205
  -1.2513
  -1.2964
  -1.3188
  -1.3225
  -1.3530
  -1.3456
  -1.4016
  -1.4277
  -1.5352
  -1.6081
  -1.7837
  -1.9414
  -2.1557
  -2.3607
  -2.5646
  -2.7638
  -2.9407
  -3.1276
  -3.2835
  -3.4277
  -3.5633
  -3.6869
  -3.8497
  -3.9962
  -4.1587
  -4.2800
  -4.3608
  -4.3932
  -4.4039
  -4.3882
  -4.3094
  -4.2001
  -3.9755
  -3.7415
  -3.5587
  -3.3659
  -3.2377
  -3.0961
  -2.9952
  -2.8832
  -2.8202
  -2.7655
  -2.7647
  -2.7609
  -2.7995
  -2.8287
  -2.8925
  -2.9512
  -3.0251
  -3.0962
  -3.1903
  -3.2801
  -3.3996
  -3.5199
  -3.6625
  -3.8118
  -3.9401
  -4.0626
  -4.1713
  -4.2643
  -4.3852
  -4.4849
  -4.5955
  -4.7247
  -4.8625
  -4.9778
  -5.0725
  -5.1592
  -5.2422
  -5.3163
  -5.4244
  -5.5382
  -5.6442
  -5.7429
  -5.7955
  -5.8292
  -5.8695
  -5.9198
  -5.9896
   0.8652
   0.4385
  -0.0972
  -0.6881
  -0.8923
  -1.1206
  -1.1827
  -1.2456
  -1.2713
  -1.2942
  -1.3088
  -1.3050
  -1.3110
  -1.2990
  -1.3431
  -1.3587
  -1.4808
  -1.5666
  -1.7460
  -1.9338
  -2.1462
  -2.3848
  -2.5826
  -2.7918
  -2.9576
  -3.1466
  -3.2955
  -3.4476
  -3.5538
  -3.6839
  -3.8317
  -3.9747
  -4.1427
  -4.2359
  -4.3388
  -4.3626
  -4.3910
  -4.3484
  -4.3122
  -4.1512
  -3.9547
  -3.7182
  -3.5237
  -3.3476
  -3.2140
  -3.0881
  -2.9832
  -2.8802
  -2.8022
  -2.7548
  -2.7433
  -2.7550
  -2.7795
  -2.8112
  -2.8786
  -2.9318
  -3.0156
  -3.0893
  -3.1748
  -3.2691
  -3.3896
  -3.5179
  -3.6569
  -3.8128
  -3.9461
  -4.0636
  -4.1656
  -4.2687
  -4.3770
  -4.4732
  -4.5805
  -4.7226
  -4.8613
  -4.9698
  -5.0704
  -5.1520
  -5.2362
  -5.3145
  -5.4184
  -5.5436
  -5.6563
  -5.7549
  -5.8038
  -5.8271
  -5.8502
  -5.9176
  -5.9976
   0.9569
   0.4234
  -0.0825
  -0.6014
  -0.9484
  -1.0943
  -1.1925
  -1.2267
  -1.2661
  -1.2670
  -1.2870
  -1.2595
  -1.2718
  -1.2293
  -1.2826
  -1.3136
  -1.4348
  -1.5806
  -1.7415
  -1.9532
  -2.1622
  -2.3917
  -2.6044
  -2.8053
  -2.9836
  -3.1580
  -3.3095
  -3.4477
  -3.5622
  -3.6974
  -3.8295
  -3.9602
  -4.1063
  -4.1958
  -4.2926
  -4.3072
  -4.3439
  -4.2850
  -4.2478
  -4.0754
  -3.9172
  -3.7092
  -3.5197
  -3.3646
  -3.2160
  -3.1031
  -2.9888
  -2.8985
  -2.8142
  -2.7818
  -2.7493
  -2.7530
  -2.7675
  -2.8089
  -2.8746
  -2.9302
  -3.0116
  -3.0912
  -3.1728
  -3.2738
  -3.3865
  -3.5164
  -3.6529
  -3.7959
  -3.9381
  -4.0456
  -4.1624
  -4.2572
  -4.3690
  -4.4748
  -4.5905
  -4.7162
  -4.8505
  -4.9552
  -5.0644
  -5.1528
  -5.2416
  -5.3325
  -5.4264
  -5.5433
  -5.6582
  -5.7341
  -5.7978
  -5.8313
  -5.8517
  -5.9278
  -6.0056
   0.8148
   0.3358
  -0.0841
  -0.4825
  -0.8585
  -0.9847
  -1.1557
  -1.1765
  -1.2347
  -1.2372
  -1.2550
  -1.2365
  -1.2346
  -1.2123
  -1.2356
  -1.3120
  -1.4442
  -1.6106
  -1.7775
  -1.9958
  -2.1837
  -2.4135
  -2.6086
  -2.8163
  -2.9984
  -3.1680
  -3.3106
  -3.4557
  -3.5778
  -3.7084
  -3.8333
  -3.9577
  -4.0795
  -4.1648
  -4.2511
  -4.2662
  -4.2879
  -4.2320
  -4.1798
  -4.0395
  -3.8952
  -3.7150
  -3.5318
  -3.3879
  -3.2360
  -3.1221
  -3.0045
  -2.9275
  -2.8432
  -2.8042
  -2.7684
  -2.7710
  -2.7755
  -2.8224
  -2.8696
  -2.9302
  -3.0073
  -3.0922
  -3.1788
  -3.2828
  -3.3905
  -3.5238
  -3.6463
  -3.7762
  -3.9181
  -4.0318
  -4.1473
  -4.2497
  -4.3613
  -4.4748
  -4.5960
  -4.7101
  -4.8345
  -4.9452
  -5.0545
  -5.1538
  -5.2476
  -5.3435
  -5.4424
  -5.5439
  -5.6382
  -5.7179
  -5.7895
  -5.8335
  -5.8762
  -5.9468
  -6.0056
   0.6073
   0.2333
  -0.1021
  -0.4407
  -0.7385
  -0.8992
  -1.0767
  -1.1272
  -1.1987
  -1.2164
  -1.2388
  -1.2340
  -1.2282
  -1.2469
  -1.2502
  -1.3658
  -1.4725
  -1.6411
  -1.8115
  -2.0300
  -2.2207
  -2.4435
  -2.6326
  -2.8418
  -3.0124
  -3.1870
  -3.3286
  -3.4766
  -3.5918
  -3.7274
  -3.8412
  -3.9632
  -4.0635
  -4.1457
  -4.2151
  -4.2352
  -4.2509
  -4.1973
  -4.1385
  -4.0105
  -3.8842
  -3.7217
  -3.5538
  -3.4046
  -3.2560
  -3.1331
  -3.0205
  -2.9395
  -2.8652
  -2.8238
  -2.7881
  -2.7820
  -2.7878
  -2.8244
  -2.8696
  -2.9302
  -3.0073
  -3.0922
  -3.1843
  -3.2838
  -3.3965
  -3.5248
  -3.6463
  -3.7762
  -3.9021
  -4.0208
  -4.1413
  -4.2487
  -4.3613
  -4.4748
  -4.5925
  -4.7072
  -4.8245
  -4.9352
  -5.0487
  -5.1466
  -5.2505
  -5.3533
  -5.4484
  -5.5449
  -5.6300
  -5.7069
  -5.7795
  -5.8376
  -5.8922
  -5.9578
  -6.0114
   0.1270
  -0.1351
  -0.4267
  -0.6808
  -0.8577
  -1.0152
  -1.0921
  -1.1738
  -1.1987
  -1.2288
  -1.2391
  -1.2454
  -1.2815
  -1.3047
  -1.4136
  -1.5185
  -1.6801
  -1.8443
  -2.0667
  -2.2547
  -2.4825
  -2.6666
  -2.8718
  -3.0364
  -3.2160
  -3.3546
  -3.5037
  -3.6158
  -3.7476
  -3.8572
  -3.9695
  -4.0567
  -4.1347
  -4.1954
  -4.2168
  -4.2249
  -4.1790
  -4.1129
  -4.0075
  -3.8776
  -3.7310
  -3.5648
  -3.4189
  -3.2677
  -3.1431
  -3.0305
  -2.9495
  -2.8752
  -2.8272
  -2.7981
  -2.7880
  -2.7938
  -2.8244
  -2.8696
  -2.9302
  -3.0051
  -3.0832
  -3.1843
  -3.2881
  -3.4005
  -3.5322
  -3.6463
  -3.7683
  -3.8985
  -4.0146
  -4.1322
  -4.2487
  -4.3613
  -4.4739
  -4.5865
  -4.7072
  -4.8217
  -4.9288
  -5.0387
  -5.1494
  -5.2545
  -5.3633
  -5.4508
  -5.5449
  -5.6279
  -5.7059
  -5.7770
  -5.8466
  -5.9022
  -5.9678
  -6.0154
   0.0407
  -0.1911
  -0.4594
  -0.6669
  -0.8491
  -0.9872
  -1.0791
  -1.1544
  -1.1967
  -1.2227
  -1.2486
  -1.2654
  -1.3093
  -1.3467
  -1.4536
  -1.5567
  -1.7101
  -1.8683
  -2.0820
  -2.2837
  -2.5135
  -2.7026
  -2.9094
  -3.0664
  -3.2460
  -3.3826
  -3.5356
  -3.6458
  -3.7732
  -3.8681
  -3.9795
  -4.0607
  -4.1356
  -4.1894
  -4.2158
  -4.2129
  -4.1797
  -4.1109
  -4.0165
  -3.8816
  -3.7400
  -3.5808
  -3.4299
  -3.2737
  -3.1441
  -3.0365
  -2.9415
  -2.8772
  -2.8258
  -2.8001
  -2.7830
  -2.7938
  -2.8221
  -2.8656
  -2.9212
  -2.9991
  -3.0822
  -3.1799
  -3.2881
  -3.4065
  -3.5332
  -3.6460
  -3.7673
  -3.8945
  -4.0108
  -4.1310
  -4.2487
  -4.3613
  -4.4739
  -4.5865
  -4.7072
  -4.8177
  -4.9242
  -5.0368
  -5.1494
  -5.2605
  -5.3643
  -5.4548
  -5.5464
  -5.6279
  -5.7059
  -5.7804
  -5.8497
  -5.9122
  -5.9694
  -6.0234
  -0.0243
  -0.2473
  -0.5164
  -0.6892
  -0.8729
  -0.9892
  -1.0922
  -1.1524
  -1.2057
  -1.2267
  -1.2576
  -1.2786
  -1.3213
  -1.3732
  -1.4724
  -1.5847
  -1.7401
  -1.8983
  -2.1178
  -2.3177
  -2.5525
  -2.7366
  -2.9508
  -3.1033
  -3.2850
  -3.4211
  -3.5695
  -3.6718
  -3.7976
  -3.8859
  -3.9887
  -4.0663
  -4.1356
  -4.1894
  -4.2222
  -4.2169
  -4.1987
  -4.1249
  -4.0355
  -3.8956
  -3.7507
  -3.5868
  -3.4309
  -3.2793
  -3.1411
  -3.0308
  -2.9315
  -2.8672
  -2.8158
  -2.7901
  -2.7740
  -2.7898
  -2.8131
  -2.8556
  -2.9112
  -2.9933
  -3.0732
  -3.1759
  -3.2823
  -3.4065
  -3.5332
  -3.6460
  -3.7673
  -3.8885
  -4.0098
  -4.1310
  -4.2487
  -4.3613
  -4.4739
  -4.5865
  -4.6991
  -4.8117
  -4.9242
  -5.0368
  -5.1494
  -5.2605
  -5.3643
  -5.4596
  -5.5474
  -5.6279
  -5.7106
  -5.7844
  -5.8566
  -5.9175
  -5.9778
  -6.0334
  -0.0911
  -0.3253
  -0.6041
  -0.7514
  -0.9337
  -1.0132
  -1.1212
  -1.1704
  -1.2157
  -1.2367
  -1.2676
  -1.2874
  -1.3223
  -1.3837
  -1.4776
  -1.5984
  -1.7531
  -1.9283
  -2.1478
  -2.3532
  -2.5900
  -2.7806
  -2.9998
  -3.1533
  -3.3342
  -3.4571
  -3.6056
  -3.7040
  -3.8232
  -3.9119
  -4.0050
  -4.0703
  -4.1446
  -4.1974
  -4.2456
  -4.2399
  -4.2277
  -4.1513
  -4.0735
  -3.9199
  -3.7630
  -3.5927
  -3.4309
  -3.2793
  -3.1371
  -3.0152
  -2.9035
  -2.8492
  -2.7955
  -2.7764
  -2.7640
  -2.7798
  -2.7954
  -2.8456
  -2.9012
  -2.9833
  -3.0701
  -3.1699
  -3.2866
  -3.4105
  -3.5332
  -3.6460
  -3.7673
  -3.8885
  -4.0098
  -4.1310
  -4.2487
  -4.3613
  -4.4739
  -4.5865
  -4.7072
  -4.8148
  -4.9242
  -5.0368
  -5.1494
  -5.2605
  -5.3643
  -5.4596
  -5.5474
  -5.6319
  -5.7159
  -5.7938
  -5.8666
  -5.9222
  -5.9878
  -6.0434
  -0.1859
  -0.4307
  -0.7211
  -0.8416
  -1.0116
  -1.0654
  -1.1614
  -1.1927
  -1.2347
  -1.2507
  -1.2715
  -1.2874
  -1.3106
  -1.3717
  -1.4550
  -1.6004
  -1.7721
  -1.9558
  -2.1778
  -2.3782
  -2.6370
  -2.8344
  -3.0588
  -3.2062
  -3.3842
  -3.4957
  -3.6314
  -3.7302
  -3.8532
  -3.9328
  -4.0215
  -4.0763
  -4.1456
  -4.2106
  -4.2730
  -4.2739
  -4.2694
  -4.1893
  -4.1205
  -3.9539
  -3.7725
  -3.5887
  -3.4266
  -3.2793
  -3.1381
  -2.9992
  -2.8648
  -2.8192
  -2.7721
  -2.7664
  -2.7590
  -2.7702
  -2.7808
  -2.8276
  -2.8818
  -2.9733
  -3.0601
  -3.1659
  -3.2866
  -3.4136
  -3.5248
  -3.6460
  -3.7673
  -3.8885
  -4.0098
  -4.1310
  -4.2523
  -4.3653
  -4.4829
  -4.5905
  -4.7081
  -4.8157
  -4.9288
  -5.0368
  -5.1494
  -5.2605
  -5.3643
  -5.4596
  -5.5539
  -5.6340
  -5.7196
  -5.7978
  -5.8766
  -5.9329
  -6.0068
  -6.0554
  -0.5767
  -0.8703
  -0.9396
  -1.0952
  -1.1249
  -1.2056
  -1.2227
  -1.2634
  -1.2708
  -1.2895
  -1.2930
  -1.2989
  -1.3392
  -1.4185
  -1.5975
  -1.7847
  -1.9858
  -2.2078
  -2.4242
  -2.6780
  -2.8804
  -3.1164
  -3.2622
  -3.4256
  -3.5333
  -3.6563
  -3.7560
  -3.8776
  -3.9597
  -4.0392
  -4.0723
  -4.1366
  -4.2238
  -4.2993
  -4.3010
  -4.2850
  -4.2193
  -4.1255
  -3.9782
  -3.7725
  -3.5857
  -3.4266
  -3.2837
  -3.1391
  -2.9882
  -2.8608
  -2.8002
  -2.7701
  -2.7570
  -2.7630
  -2.7594
  -2.7606
  -2.8004
  -2.8708
  -2.9656
  -3.0591
  -3.1655
  -3.2823
  -3.4067
  -3.5248
  -3.6460
  -3.7752
  -3.8925
  -4.0136
  -4.1310
  -4.2523
  -4.3713
  -4.4839
  -4.5965
  -4.7091
  -4.8217
  -4.9332
  -5.0408
  -5.1556
  -5.2605
  -5.3643
  -5.4624
  -5.5564
  -5.6419
  -5.7296
  -5.8078
  -5.8887
  -5.9469
  -6.0178
  -6.0654
  -0.7363
  -1.0023
  -1.0563
  -1.1611
  -1.1885
  -1.2536
  -1.2607
  -1.3102
  -1.2989
  -1.3275
  -1.3050
  -1.3259
  -1.3376
  -1.4733
  -1.6076
  -1.8307
  -2.0127
  -2.2367
  -2.4526
  -2.7000
  -2.9200
  -3.1314
  -3.2939
  -3.4296
  -3.5473
  -3.6493
  -3.7600
  -3.8537
  -3.9617
  -4.0165
  -4.0663
  -4.1275
  -4.2158
  -4.2510
  -4.2939
  -4.2267
  -4.1929
  -4.0635
  -3.9542
  -3.7480
  -3.5857
  -3.4209
  -3.2797
  -3.1361
  -2.9962
  -2.8962
  -2.8082
  -2.7881
  -2.7630
  -2.7630
  -2.7630
  -2.7666
  -2.7854
  -2.8690
  -2.9661
  -3.0612
  -3.1655
  -3.2733
  -3.4025
  -3.5254
  -3.6503
  -3.7852
  -3.9025
  -4.0226
  -4.1350
  -4.2703
  -4.3772
  -4.4929
  -4.6005
  -4.7181
  -4.8257
  -4.9432
  -5.0508
  -5.1656
  -5.2645
  -5.3735
  -5.4696
  -5.5649
  -5.6480
  -5.7396
  -5.8178
  -5.8987
  -5.9622
  -6.0278
  -6.0794
  -0.8103
  -0.9808
  -1.1003
  -1.1667
  -1.2192
  -1.2676
  -1.2973
  -1.3324
  -1.3348
  -1.3585
  -1.3402
  -1.3915
  -1.4057
  -1.5728
  -1.6756
  -1.8781
  -2.0367
  -2.2657
  -2.4792
  -2.7027
  -2.9166
  -3.1039
  -3.2851
  -3.4028
  -3.5308
  -3.6284
  -3.7402
  -3.8247
  -3.9288
  -3.9872
  -4.0579
  -4.1085
  -4.1817
  -4.1872
  -4.2249
  -4.1550
  -4.1249
  -3.9936
  -3.8973
  -3.7260
  -3.5758
  -3.4119
  -3.2737
  -3.1401
  -3.0188
  -2.9272
  -2.8372
  -2.8108
  -2.7784
  -2.7810
  -2.7710
  -2.7968
  -2.8074
  -2.8968
  -2.9761
  -3.0712
  -3.1639
  -3.2728
  -3.3925
  -3.5174
  -3.6523
  -3.7772
  -3.9045
  -4.0146
  -4.1419
  -4.2748
  -4.3932
  -4.4948
  -4.6105
  -4.7362
  -4.8397
  -4.9622
  -5.0648
  -5.1846
  -5.2785
  -5.3923
  -5.4804
  -5.5919
  -5.6660
  -5.7676
  -5.8358
  -5.9267
  -5.9795
  -6.0468
  -6.0934
  -0.7343
  -0.8846
  -1.0681
  -1.1338
  -1.2125
  -1.2654
  -1.3073
  -1.3457
  -1.3608
  -1.3881
  -1.3858
  -1.4553
  -1.4953
  -1.6438
  -1.7461
  -1.9271
  -2.0683
  -2.2888
  -2.4892
  -2.7024
  -2.9066
  -3.0729
  -3.2491
  -3.3726
  -3.5033
  -3.6003
  -3.7145
  -3.8003
  -3.8988
  -3.9590
  -4.0375
  -4.0795
  -4.1379
  -4.1354
  -4.1549
  -4.0877
  -4.0553
  -3.9346
  -3.8470
  -3.6844
  -3.5528
  -3.3976
  -3.2640
  -3.1441
  -3.0288
  -2.9398
  -2.8692
  -2.8262
  -2.7944
  -2.7970
  -2.7946
  -2.8191
  -2.8425
  -2.9182
  -2.9913
  -3.0812
  -3.1739
  -3.2738
  -3.3865
  -3.5158
  -3.6423
  -3.7672
  -3.8961
  -4.0198
  -4.1407
  -4.2723
  -4.3930
  -4.5038
  -4.6200
  -4.7299
  -4.8485
  -4.9642
  -5.0768
  -5.1848
  -5.2865
  -5.3945
  -5.4984
  -5.5949
  -5.6840
  -5.7706
  -5.8538
  -5.9338
  -6.0047
  -6.0584
  -6.1054
  -0.6193
  -0.8026
  -1.0037
  -1.0916
  -1.2009
  -1.2613
  -1.3133
  -1.3569
  -1.3807
  -1.4252
  -1.4378
  -1.5081
  -1.5613
  -1.7016
  -1.8044
  -1.9591
  -2.0968
  -2.3088
  -2.5062
  -2.7001
  -2.8852
  -3.0494
  -3.2191
  -3.3426
  -3.4793
  -3.5774
  -3.6902
  -3.7747
  -3.8728
  -3.9382
  -4.0135
  -4.0504
  -4.0979
  -4.0870
  -4.0938
  -4.0267
  -3.9977
  -3.8856
  -3.8010
  -3.6507
  -3.5288
  -3.3809
  -3.2583
  -3.1371
  -3.0365
  -2.9498
  -2.8812
  -2.8348
  -2.8044
  -2.8030
  -2.8066
  -2.8244
  -2.8636
  -2.9292
  -3.0013
  -3.0912
  -3.1783
  -3.2796
  -3.3836
  -3.5058
  -3.6323
  -3.7572
  -3.8921
  -4.0160
  -4.1459
  -4.2723
  -4.3913
  -4.5048
  -4.6260
  -4.7381
  -4.8485
  -4.9697
  -5.0808
  -5.1874
  -5.2885
  -5.4035
  -5.4996
  -5.5949
  -5.6841
  -5.7796
  -5.8578
  -5.9407
  -6.0167
  -6.0684
  -6.1154
  -0.5421
  -0.7391
  -0.9415
  -1.0567
  -1.1774
  -1.2452
  -1.3169
  -1.3671
  -1.4004
  -1.4452
  -1.4722
  -1.5452
  -1.6093
  -1.7436
  -1.8448
  -1.9881
  -2.1168
  -2.3210
  -2.5122
  -2.7011
  -2.8753
  -3.0360
  -3.1931
  -3.3216
  -3.4533
  -3.5503
  -3.6645
  -3.7537
  -3.8528
  -3.9172
  -3.9871
  -4.0204
  -4.0642
  -4.0506
  -4.0468
  -3.9810
  -3.9417
  -3.8356
  -3.7567
  -3.6194
  -3.4998
  -3.3599
  -3.2443
  -3.1371
  -3.0365
  -2.9505
  -2.8812
  -2.8425
  -2.8144
  -2.8080
  -2.8066
  -2.8244
  -2.8696
  -2.9302
  -3.0073
  -3.0852
  -3.1803
  -3.2706
  -3.3796
  -3.4958
  -3.6223
  -3.7472
  -3.8821
  -4.0070
  -4.1419
  -4.2633
  -4.3895
  -4.5048
  -4.6260
  -4.7391
  -4.8517
  -4.9697
  -5.0827
  -5.1894
  -5.3005
  -5.4045
  -5.5036
  -5.6039
  -5.6940
  -5.7806
  -5.8638
  -5.9417
  -6.0175
  -6.0694
  -6.1214
  -0.5141
  -0.7173
  -0.9075
  -1.0427
  -1.1567
  -1.2442
  -1.3109
  -1.3703
  -1.4164
  -1.4637
  -1.5042
  -1.5721
  -1.6438
  -1.7650
  -1.8688
  -2.0091
  -2.1377
  -2.3410
  -2.5232
  -2.7059
  -2.8753
  -3.0260
  -3.1759
  -3.3016
  -3.4333
  -3.5303
  -3.6442
  -3.7337
  -3.8328
  -3.8972
  -3.9671
  -4.0004
  -4.0342
  -4.0196
  -4.0108
  -3.9410
  -3.8957
  -3.7866
  -3.7107
  -3.5784
  -3.4728
  -3.3403
  -3.2370
  -3.1281
  -3.0325
  -2.9505
  -2.8812
  -2.8425
  -2.8164
  -2.7990
  -2.8062
  -2.8231
  -2.8656
  -2.9212
  -3.0033
  -3.0822
  -3.1743
  -3.2654
  -3.3696
  -3.4858
  -3.6123
  -3.7372
  -3.8736
  -4.0060
  -4.1359
  -4.2623
  -4.3835
  -4.5039
  -4.6220
  -4.7382
  -4.8517
  -4.9652
  -5.0787
  -5.1894
  -5.3005
  -5.4045
  -5.5084
  -5.6049
  -5.6980
  -5.7896
  -5.8678
  -5.9487
  -6.0175
  -6.0778
  -6.1254
  -0.5115
  -0.7243
  -0.8994
  -1.0417
  -1.1559
  -1.2442
  -1.3109
  -1.3703
  -1.4223
  -1.4743
  -1.5162
  -1.5789
  -1.6658
  -1.7770
  -1.8784
  -2.0291
  -2.1577
  -2.3542
  -2.5332
  -2.7108
  -2.8677
  -3.0160
  -3.1659
  -3.2908
  -3.4173
  -3.5193
  -3.6242
  -3.7137
  -3.8128
  -3.8780
  -3.9511
  -3.9894
  -4.0145
  -4.0022
  -3.9757
  -3.9063
  -3.8533
  -3.7536
  -3.6704
  -3.5468
  -3.4428
  -3.3169
  -3.2230
  -3.1111
  -3.0241
  -2.9415
  -2.8772
  -2.8268
  -2.8061
  -2.7800
  -2.7922
  -2.8064
  -2.8556
  -2.9112
  -2.9956
  -3.0752
  -3.1703
  -3.2564
  -3.3596
  -3.4668
  -3.5985
  -3.7270
  -3.8696
  -4.0032
  -4.1359
  -4.2533
  -4.3795
  -4.4949
  -4.6160
  -4.7372
  -4.8517
  -4.9642
  -5.0768
  -5.1912
  -5.3045
  -5.4135
  -5.5124
  -5.6139
  -5.7041
  -5.7996
  -5.8778
  -5.9677
  -6.0262
  -6.0968
  -6.1373
  -0.5335
  -0.7613
  -0.9155
  -1.0622
  -1.1559
  -1.2442
  -1.3109
  -1.3691
  -1.4183
  -1.4653
  -1.5162
  -1.5799
  -1.6718
  -1.7780
  -1.8825
  -2.0231
  -2.1737
  -2.3642
  -2.5432
  -2.7198
  -2.8717
  -3.0125
  -3.1559
  -3.2720
  -3.4033
  -3.5003
  -3.6125
  -3.6993
  -3.7959
  -3.8680
  -3.9411
  -3.9794
  -4.0062
  -3.9938
  -3.9587
  -3.8916
  -3.8189
  -3.7146
  -3.6307
  -3.5068
  -3.4168
  -3.2969
  -3.2030
  -3.1011
  -3.0141
  -2.9315
  -2.8672
  -2.8082
  -2.7858
  -2.7510
  -2.7718
  -2.7864
  -2.8416
  -2.8922
  -2.9876
  -3.0711
  -3.1603
  -3.2431
  -3.3398
  -3.4378
  -3.5745
  -3.7138
  -3.8676
  -4.0112
  -4.1350
  -4.2587
  -4.3735
  -4.4858
  -4.6120
  -4.7364
  -4.8517
  -4.9598
  -5.0768
  -5.1922
  -5.3105
  -5.4323
  -5.5224
  -5.6164
  -5.7101
  -5.8044
  -5.8947
  -5.9877
  -6.0455
  -6.1078
  -6.1473
  -0.5855
  -0.8283
  -0.9535
  -1.0970
  -1.1694
  -1.2493
  -1.3109
  -1.3601
  -1.4084
  -1.4467
  -1.5082
  -1.5668
  -1.6638
  -1.7644
  -1.8825
  -2.0221
  -2.1843
  -2.3832
  -2.5532
  -2.7257
  -2.8777
  -3.0186
  -3.1448
  -3.2610
  -3.3833
  -3.4864
  -3.5982
  -3.6837
  -3.7768
  -3.8497
  -3.9311
  -3.9855
  -4.0102
  -4.0092
  -3.9527
  -3.8842
  -3.7989
  -3.6746
  -3.5907
  -3.4668
  -3.3849
  -3.2816
  -3.1913
  -3.0941
  -3.0065
  -2.9215
  -2.8572
  -2.7906
  -2.7558
  -2.7210
  -2.7418
  -2.7574
  -2.8176
  -2.8718
  -2.9716
  -3.0670
  -3.1588
  -3.2327
  -3.3198
  -3.3929
  -3.5449
  -3.7016
  -3.8678
  -4.0212
  -4.1450
  -4.2607
  -4.3673
  -4.4684
  -4.6060
  -4.7426
  -4.8517
  -4.9533
  -5.0670
  -5.1798
  -5.3164
  -5.4523
  -5.5376
  -5.6225
  -5.7101
  -5.8129
  -5.9155
  -6.0257
  -6.0720
  -6.1274
  -6.1533
  -0.6703
  -0.9163
  -1.0160
  -1.1302
  -1.1929
  -1.2474
  -1.3018
  -1.3409
  -1.3905
  -1.4187
  -1.4842
  -1.5339
  -1.6413
  -1.7316
  -1.8705
  -2.0146
  -2.1963
  -2.3930
  -2.5672
  -2.7437
  -2.8857
  -3.0176
  -3.1377
  -3.2510
  -3.3688
  -3.4693
  -3.5825
  -3.6727
  -3.7699
  -3.8480
  -3.9219
  -3.9936
  -4.0237
  -4.0372
  -3.9666
  -3.8858
  -3.7782
  -3.6346
  -3.5507
  -3.4351
  -3.3619
  -3.2719
  -3.1853
  -3.0901
  -3.0025
  -2.9115
  -2.8472
  -2.7872
  -2.7415
  -2.7141
  -2.7198
  -2.7477
  -2.7986
  -2.8518
  -2.9558
  -3.0539
  -3.1588
  -3.2327
  -3.2991
  -3.3879
  -3.5274
  -3.7006
  -3.8753
  -4.0312
  -4.1550
  -4.2617
  -4.3570
  -4.4583
  -4.6050
  -4.7579
  -4.8508
  -4.9488
  -5.0488
  -5.1654
  -5.3164
  -5.4811
  -5.5536
  -5.6167
  -5.7021
  -5.8082
  -5.9315
  -6.0767
  -6.1200
  -6.1510
  -6.1532
  -0.7683
  -0.9823
  -1.0623
  -1.1371
  -1.1945
  -1.2316
  -1.2838
  -1.3107
  -1.3567
  -1.3712
  -1.4450
  -1.4759
  -1.5893
  -1.6646
  -1.8319
  -1.9707
  -2.1915
  -2.3977
  -2.5792
  -2.7508
  -2.8941
  -3.0216
  -3.1337
  -3.2412
  -3.3588
  -3.4593
  -3.5682
  -3.6537
  -3.7559
  -3.8307
  -3.9131
  -3.9946
  -4.0497
  -4.0690
  -3.9985
  -3.8863
  -3.7611
  -3.5946
  -3.5144
  -3.4188
  -3.3459
  -3.2629
  -3.1853
  -3.0921
  -3.0005
  -2.9195
  -2.8452
  -2.8038
  -2.7504
  -2.7581
  -2.7266
  -2.7714
  -2.8076
  -2.8776
  -2.9478
  -3.0501
  -3.1503
  -3.2334
  -3.3129
  -3.4224
  -3.5394
  -3.7118
  -3.8733
  -4.0142
  -4.1522
  -4.2597
  -4.3610
  -4.4826
  -4.6085
  -4.7402
  -4.8448
  -4.9488
  -5.0605
  -5.1850
  -5.3149
  -5.4483
  -5.5540
  -5.6220
  -5.6980
  -5.8134
  -5.9512
  -6.0727
  -6.1490
  -6.1440
  -6.1490
  -0.7791
  -0.9073
  -1.0422
  -1.0817
  -1.1652
  -1.1775
  -1.2458
  -1.2539
  -1.3127
  -1.3222
  -1.3878
  -1.3965
  -1.5168
  -1.5853
  -1.7773
  -1.9567
  -2.1782
  -2.3897
  -2.5787
  -2.7418
  -2.8999
  -3.0226
  -3.1277
  -3.2402
  -3.3528
  -3.4583
  -3.5485
  -3.6337
  -3.7359
  -3.8197
  -3.9027
  -3.9757
  -4.0457
  -4.0316
  -3.9993
  -3.8748
  -3.7574
  -3.6276
  -3.5050
  -3.4285
  -3.3399
  -3.2619
  -3.1797
  -3.0961
  -3.0121
  -2.9388
  -2.8632
  -2.8318
  -2.7924
  -2.7950
  -2.7726
  -2.8091
  -2.8316
  -2.9072
  -2.9648
  -3.0512
  -3.1443
  -3.2396
  -3.3289
  -3.4528
  -3.5645
  -3.7130
  -3.8656
  -3.9942
  -4.1370
  -4.2523
  -4.3735
  -4.4946
  -4.6160
  -4.7291
  -4.8417
  -4.9542
  -5.0610
  -5.1822
  -5.3109
  -5.4263
  -5.5316
  -5.6149
  -5.7120
  -5.8249
  -5.9341
  -6.0337
  -6.1230
  -6.1316
  -6.1510
  -0.6623
  -0.7723
  -0.9518
  -0.9968
  -1.1052
  -1.1185
  -1.1918
  -1.2029
  -1.2625
  -1.2636
  -1.3278
  -1.3442
  -1.4413
  -1.5867
  -1.7553
  -1.9377
  -2.1642
  -2.3472
  -2.5532
  -2.7048
  -2.8779
  -2.9916
  -3.1185
  -3.2132
  -3.3384
  -3.4223
  -3.5289
  -3.6227
  -3.7199
  -3.8007
  -3.8887
  -3.9405
  -4.0017
  -3.9816
  -3.9525
  -3.8642
  -3.7622
  -3.6476
  -3.5287
  -3.4481
  -3.3499
  -3.2653
  -3.1797
  -3.0981
  -3.0238
  -2.9588
  -2.8882
  -2.8605
  -2.8184
  -2.8160
  -2.8046
  -2.8368
  -2.8576
  -2.9282
  -2.9765
  -3.0612
  -3.1483
  -3.2486
  -3.3447
  -3.4654
  -3.5845
  -3.7252
  -3.8536
  -3.9860
  -4.1219
  -4.2523
  -4.3735
  -4.4939
  -4.6120
  -4.7272
  -4.8417
  -4.9587
  -5.0708
  -5.1894
  -5.3005
  -5.4063
  -5.5172
  -5.6149
  -5.7162
  -5.8174
  -5.9227
  -6.0006
  -6.0815
  -6.1126
  -6.1533
  -0.5103
  -0.6390
  -0.8478
  -0.9010
  -1.0237
  -1.0534
  -1.1318
  -1.1541
  -1.2165
  -1.2397
  -1.2850
  -1.3487
  -1.4434
  -1.6047
  -1.7661
  -1.9447
  -2.1498
  -2.3294
  -2.5172
  -2.6738
  -2.8457
  -2.9696
  -3.0985
  -3.2012
  -3.3104
  -3.4032
  -3.5142
  -3.6037
  -3.7059
  -3.7807
  -3.8679
  -3.9185
  -3.9642
  -3.9560
  -3.9336
  -3.8586
  -3.7662
  -3.6686
  -3.5547
  -3.4608
  -3.3599
  -3.2706
  -3.1797
  -3.0991
  -3.0298
  -2.9698
  -2.9072
  -2.8728
  -2.8421
  -2.8360
  -2.8282
  -2.8578
  -2.8766
  -2.9392
  -2.9865
  -3.0642
  -3.1543
  -3.2528
  -3.3547
  -3.4754
  -3.6000
  -3.7263
  -3.8545
  -3.9832
  -4.1167
  -4.2458
  -4.3735
  -4.4939
  -4.6065
  -4.7272
  -4.8417
  -4.9597
  -5.0768
  -5.1876
  -5.2965
  -5.4045
  -5.5132
  -5.6133
  -5.7162
  -5.8106
  -5.9067
  -5.9796
  -6.0495
  -6.0998
  -6.1493
  -0.3909
  -0.5368
  -0.7377
  -0.8152
  -0.9522
  -0.9863
  -1.0769
  -1.1046
  -1.1802
  -1.2163
  -1.2830
  -1.3704
  -1.4729
  -1.6305
  -1.7861
  -1.9526
  -2.1398
  -2.3105
  -2.4947
  -2.6528
  -2.8197
  -2.9496
  -3.0797
  -3.1822
  -3.3004
  -3.3922
  -3.4982
  -3.5837
  -3.6890
  -3.7697
  -3.8519
  -3.8994
  -3.9399
  -3.9440
  -3.9227
  -3.8623
  -3.7785
  -3.6886
  -3.5747
  -3.4724
  -3.3688
  -3.2706
  -3.1797
  -3.0991
  -3.0314
  -2.9714
  -2.9232
  -2.8838
  -2.8544
  -2.8470
  -2.8442
  -2.8688
  -2.8926
  -2.9496
  -2.9965
  -3.0742
  -3.1583
  -3.2628
  -3.3647
  -3.4838
  -3.6060
  -3.7273
  -3.8485
  -3.9770
  -4.1119
  -4.2423
  -4.3695
  -4.4939
  -4.6065
  -4.7272
  -4.8417
  -4.9597
  -5.0768
  -5.1804
  -5.2905
  -5.3955
  -5.5072
  -5.6059
  -5.7122
  -5.8016
  -5.8898
  -5.9607
  -6.0342
  -6.0898
  -6.1393
  -0.3083
  -0.4638
  -0.6497
  -0.7422
  -0.8774
  -0.9231
  -1.0209
  -1.0668
  -1.1502
  -1.2044
  -1.2846
  -1.3872
  -1.4989
  -1.6542
  -1.8002
  -1.9621
  -2.1355
  -2.3027
  -2.4747
  -2.6369
  -2.7999
  -2.9310
  -3.0637
  -3.1712
  -3.2864
  -3.3732
  -3.4785
  -3.5727
  -3.6730
  -3.7597
  -3.8415
  -3.8884
  -3.9339
  -3.9430
  -3.9177
  -3.8813
  -3.7973
  -3.7166
  -3.5947
  -3.4851
  -3.3688
  -3.2649
  -3.1757
  -3.0991
  -3.0314
  -2.9714
  -2.9281
  -2.8848
  -2.8604
  -2.8530
  -2.8542
  -2.8721
  -2.9017
  -2.9506
  -3.0025
  -3.0752
  -3.1643
  -3.2638
  -3.3707
  -3.4848
  -3.6060
  -3.7273
  -3.8485
  -3.9760
  -4.1067
  -4.2358
  -4.3635
  -4.4849
  -4.6060
  -4.7272
  -4.8417
  -4.9542
  -5.0727
  -5.1794
  -5.2905
  -5.3945
  -5.5032
  -5.6033
  -5.7061
  -5.7916
  -5.8798
  -5.9507
  -6.0242
  -6.0798
  -6.1333
  -0.2463
  -0.4200
  -0.5917
  -0.6936
  -0.8154
  -0.8782
  -0.9735
  -1.0270
  -1.1200
  -1.1894
  -1.2851
  -1.3951
  -1.5194
  -1.6662
  -1.8084
  -1.9631
  -2.1363
  -2.3017
  -2.4663
  -2.6318
  -2.7899
  -2.9210
  -3.0537
  -3.1612
  -3.2704
  -3.3622
  -3.4682
  -3.5627
  -3.6630
  -3.7425
  -3.8315
  -3.8865
  -3.9317
  -3.9558
  -3.9358
  -3.9067
  -3.8253
  -3.7466
  -3.6153
  -3.4874
  -3.3678
  -3.2559
  -3.1700
  -3.0901
  -3.0274
  -2.9711
  -2.9241
  -2.8835
  -2.8604
  -2.8530
  -2.8566
  -2.8721
  -2.9077
  -2.9510
  -3.0048
  -3.0842
  -3.1683
  -3.2728
  -3.3747
  -3.4932
  -3.6060
  -3.7273
  -3.8485
  -3.9760
  -4.1059
  -4.2358
  -4.3635
  -4.4848
  -4.6060
  -4.7272
  -4.8417
  -4.9542
  -5.0668
  -5.1794
  -5.2905
  -5.3945
  -5.4984
  -5.5959
  -5.6961
  -5.7816
  -5.8698
  -5.9407
  -6.0142
  -6.0698
  -6.1274
  -0.2175
  -0.4250
  -0.5698
  -0.6754
  -0.7747
  -0.8353
  -0.9261
  -0.9792
  -1.0858
  -1.1695
  -1.2823
  -1.4000
  -1.5294
  -1.6820
  -1.8184
  -1.9716
  -2.1363
  -2.3017
  -2.4658
  -2.6218
  -2.7837
  -2.9186
  -3.0437
  -3.1512
  -3.2604
  -3.3461
  -3.4542
  -3.5437
  -3.6459
  -3.7315
  -3.8223
  -3.8865
  -3.9351
  -3.9792
  -3.9678
  -3.9557
  -3.8645
  -3.7845
  -3.6359
  -3.4927
  -3.3638
  -3.2403
  -3.1560
  -3.0730
  -3.0191
  -2.9621
  -2.9152
  -2.8735
  -2.8524
  -2.8350
  -2.8558
  -2.8721
  -2.9077
  -2.9510
  -3.0108
  -3.0852
  -3.1743
  -3.2706
  -3.3796
  -3.4932
  -3.6060
  -3.7273
  -3.8485
  -3.9760
  -4.1059
  -4.2358
  -4.3635
  -4.4848
  -4.6060
  -4.7272
  -4.8417
  -4.9542
  -5.0668
  -5.1766
  -5.2880
  -5.3945
  -5.4984
  -5.5949
  -5.6901
  -5.7769
  -5.8598
  -5.9307
  -6.0042
  -6.0598
  -6.1214
  -0.2375
  -0.4703
  -0.5840
  -0.6767
  -0.7562
  -0.7943
  -0.8801
  -0.9315
  -1.0458
  -1.1371
  -1.2671
  -1.4037
  -1.5439
  -1.6930
  -1.8284
  -1.9816
  -2.1412
  -2.3039
  -2.4603
  -2.6247
  -2.7777
  -2.9086
  -3.0337
  -3.1412
  -3.2464
  -3.3322
  -3.4382
  -3.5327
  -3.6330
  -3.7215
  -3.8123
  -3.8846
  -3.9551
  -4.0110
  -4.0039
  -4.0184
  -3.9225
  -3.8364
  -3.6559
  -3.4960
  -3.3458
  -3.2169
  -3.1360
  -3.0560
  -3.0091
  -2.9521
  -2.9052
  -2.8558
  -2.8361
  -2.8200
  -2.8398
  -2.8631
  -2.9037
  -2.9506
  -3.0108
  -3.0852
  -3.1743
  -3.2696
  -3.3736
  -3.4858
  -3.6060
  -3.7273
  -3.8501
  -3.9788
  -4.1059
  -4.2323
  -4.3595
  -4.4848
  -4.6060
  -4.7272
  -4.8417
  -4.9542
  -5.0628
  -5.1694
  -5.2805
  -5.3855
  -5.4972
  -5.5949
  -5.6901
  -5.7759
  -5.8538
  -5.9286
  -5.9949
  -6.0588
  -6.1194
  -0.3195
  -0.5758
  -0.6160
  -0.6877
  -0.7345
  -0.7504
  -0.8335
  -0.8817
  -1.0056
  -1.1066
  -1.2515
  -1.4054
  -1.5579
  -1.7076
  -1.8344
  -1.9826
  -2.1472
  -2.3039
  -2.4703
  -2.6347
  -2.7779
  -2.9141
  -3.0277
  -3.1315
  -3.2319
  -3.3151
  -3.4242
  -3.5137
  -3.6221
  -3.7132
  -3.8067
  -3.8927
  -3.9706
  -4.0521
  -4.0581
  -4.0847
  -3.9838
  -3.8853
  -3.6812
  -3.5082
  -3.3408
  -3.2193
  -3.1240
  -3.0310
  -2.9984
  -2.9511
  -2.8902
  -2.8212
  -2.8121
  -2.7910
  -2.8218
  -2.8464
  -2.8946
  -2.9416
  -3.0068
  -3.0832
  -3.1743
  -3.2638
  -3.3707
  -3.4848
  -3.6060
  -3.7273
  -3.8561
  -3.9798
  -4.1059
  -4.2258
  -4.3535
  -4.4766
  -4.6060
  -4.7272
  -4.8417
  -4.9542
  -5.0627
  -5.1694
  -5.2805
  -5.3845
  -5.4932
  -5.5923
  -5.6900
  -5.7716
  -5.8538
  -5.9276
  -5.9889
  -6.0582
  -6.1194
  -0.4884
  -0.6948
  -0.6930
  -0.7098
  -0.7015
  -0.7136
  -0.7835
  -0.8609
  -0.9776
  -1.0785
  -1.2383
  -1.4252
  -1.5765
  -1.7237
  -1.8264
  -1.9646
  -2.1423
  -2.3027
  -2.4732
  -2.6488
  -2.7843
  -2.9136
  -3.0214
  -3.1125
  -3.2179
  -3.3022
  -3.4002
  -3.4882
  -3.6021
  -3.6852
  -3.7959
  -3.8847
  -3.9728
  -4.0217
  -4.0902
  -4.0727
  -4.0118
  -3.8814
  -3.7068
  -3.5440
  -3.3638
  -3.2529
  -3.1230
  -3.0490
  -2.9904
  -2.9415
  -2.8722
  -2.8172
  -2.7944
  -2.7970
  -2.8115
  -2.8534
  -2.8926
  -2.9496
  -3.0048
  -3.0912
  -3.1728
  -3.2686
  -3.3707
  -3.4938
  -3.6096
  -3.7185
  -3.8601
  -3.9836
  -4.1010
  -4.2223
  -4.3495
  -4.4756
  -4.6055
  -4.7272
  -4.8457
  -4.9523
  -5.0547
  -5.1550
  -5.2805
  -5.3756
  -5.4884
  -5.5923
  -5.6840
  -5.7669
  -5.8498
  -5.9186
  -5.9849
  -6.0492
  -6.1154
  -0.6026
  -0.6894
  -0.7230
  -0.7266
  -0.7098
  -0.7485
  -0.7761
  -0.8859
  -0.9835
  -1.1282
  -1.2563
  -1.4483
  -1.6025
  -1.7159
  -1.8144
  -1.9721
  -2.1403
  -2.3029
  -2.4832
  -2.6639
  -2.8043
  -2.9216
  -3.0194
  -3.1197
  -3.2099
  -3.3041
  -3.3907
  -3.4862
  -3.5870
  -3.6822
  -3.7771
  -3.8638
  -3.9468
  -3.9943
  -4.0403
  -4.0114
  -3.9782
  -3.8475
  -3.7176
  -3.5680
  -3.4098
  -3.2939
  -3.1530
  -3.0771
  -3.0011
  -2.9411
  -2.8792
  -2.8428
  -2.8047
  -2.8160
  -2.8218
  -2.8647
  -2.9066
  -2.9686
  -3.0188
  -3.1102
  -3.1868
  -3.2876
  -3.3758
  -3.4948
  -3.6156
  -3.7353
  -3.8645
  -3.9808
  -4.1010
  -4.2223
  -4.3457
  -4.4756
  -4.6020
  -4.7182
  -4.8405
  -4.9442
  -5.0485
  -5.1584
  -5.2765
  -5.3746
  -5.4844
  -5.5833
  -5.6800
  -5.7606
  -5.8438
  -5.9107
  -5.9789
  -6.0482
  -6.1054
  -0.4823
  -0.5912
  -0.6902
  -0.7355
  -0.7410
  -0.8123
  -0.8381
  -0.9585
  -1.0255
  -1.1776
  -1.3003
  -1.4656
  -1.6049
  -1.7366
  -1.8362
  -1.9996
  -2.1543
  -2.3141
  -2.4887
  -2.6467
  -2.8005
  -2.9161
  -3.0265
  -3.1297
  -3.2199
  -3.3131
  -3.3947
  -3.4997
  -3.5879
  -3.6822
  -3.7767
  -3.8547
  -3.9308
  -3.9696
  -4.0021
  -3.9684
  -3.9357
  -3.8316
  -3.7176
  -3.5857
  -3.4398
  -3.3249
  -3.1887
  -3.1001
  -3.0138
  -2.9591
  -2.8972
  -2.8695
  -2.8324
  -2.8410
  -2.8418
  -2.8847
  -2.9266
  -2.9886
  -3.0388
  -3.1242
  -3.2028
  -3.2986
  -3.3918
  -3.5022
  -3.6160
  -3.7373
  -3.8585
  -3.9798
  -4.1010
  -4.2223
  -4.3457
  -4.4748
  -4.5960
  -4.7091
  -4.8277
  -4.9352
  -5.0487
  -5.1504
  -5.2665
  -5.3655
  -5.4744
  -5.5733
  -5.6700
  -5.7516
  -5.8364
  -5.9097
  -5.9782
  -6.0392
  -6.0974
  -0.3623
  -0.5228
  -0.6578
  -0.7402
  -0.7980
  -0.8782
  -0.9141
  -1.0295
  -1.0897
  -1.2371
  -1.3343
  -1.4948
  -1.6189
  -1.7524
  -1.8665
  -2.0296
  -2.1760
  -2.3272
  -2.4787
  -2.6367
  -2.7899
  -2.9176
  -3.0305
  -3.1395
  -3.2299
  -3.3292
  -3.4145
  -3.5153
  -3.5979
  -3.6895
  -3.7767
  -3.8546
  -3.9231
  -3.9596
  -3.9790
  -3.9464
  -3.9060
  -3.8206
  -3.7204
  -3.6051
  -3.4698
  -3.3596
  -3.2227
  -3.1211
  -3.0278
  -2.9701
  -2.9132
  -2.8815
  -2.8584
  -2.8610
  -2.8618
  -2.8957
  -2.9426
  -2.9996
  -3.0548
  -3.1342
  -3.2128
  -3.3054
  -3.3978
  -3.5032
  -3.6160
  -3.7373
  -3.8585
  -3.9798
  -4.1010
  -4.2223
  -4.3457
  -4.4658
  -4.5920
  -4.7001
  -4.8177
  -4.9252
  -5.0387
  -5.1466
  -5.2580
  -5.3645
  -5.4684
  -5.5659
  -5.6640
  -5.7506
  -5.8338
  -5.9097
  -5.9782
  -6.0388
  -6.0914
  -0.3263
  -0.5085
  -0.6558
  -0.7710
  -0.8309
  -0.9382
  -0.9801
  -1.0905
  -1.1557
  -1.2895
  -1.3759
  -1.5190
  -1.6389
  -1.7724
  -1.8824
  -2.0411
  -2.1857
  -2.3271
  -2.4798
  -2.6357
  -2.7839
  -2.9176
  -3.0388
  -3.1585
  -3.2439
  -3.3492
  -3.4345
  -3.5353
  -3.6119
  -3.7077
  -3.7803
  -3.8546
  -3.9131
  -3.9496
  -3.9639
  -3.9392
  -3.8940
  -3.8217
  -3.7301
  -3.6234
  -3.4938
  -3.3906
  -3.2500
  -3.1411
  -3.0478
  -2.9891
  -2.9272
  -2.9005
  -2.8744
  -2.8720
  -2.8742
  -2.9057
  -2.9526
  -3.0096
  -3.0648
  -3.1383
  -3.2188
  -3.3096
  -3.4018
  -3.5032
  -3.6160
  -3.7373
  -3.8570
  -3.9708
  -4.0970
  -4.2158
  -4.3435
  -4.4648
  -4.5825
  -4.6972
  -4.8117
  -4.9242
  -5.0328
  -5.1394
  -5.2520
  -5.3555
  -5.4644
  -5.5623
  -5.6601
  -5.7506
  -5.8338
  -5.9097
  -5.9782
  -6.0388
  -6.0914
  -0.3411
  -0.5345
  -0.6697
  -0.8046
  -0.8854
  -0.9921
  -1.0401
  -1.1492
  -1.2117
  -1.3234
  -1.4115
  -1.5421
  -1.6589
  -1.7834
  -1.8984
  -2.0501
  -2.1837
  -2.3351
  -2.4833
  -2.6357
  -2.7839
  -2.9290
  -3.0468
  -3.1692
  -3.2639
  -3.3753
  -3.4545
  -3.5553
  -3.6288
  -3.7177
  -3.7903
  -3.8646
  -3.9134
  -3.9512
  -3.9579
  -3.9382
  -3.8964
  -3.8317
  -3.7401
  -3.6408
  -3.5198
  -3.4116
  -3.2717
  -3.1611
  -3.0661
  -3.0001
  -2.9432
  -2.9115
  -2.8844
  -2.8820
  -2.8842
  -2.9157
  -2.9617
  -3.0106
  -3.0708
  -3.1452
  -3.2228
  -3.3054
  -3.4038
  -3.5032
  -3.6160
  -3.7294
  -3.8510
  -3.9698
  -4.0910
  -4.2158
  -4.3435
  -4.4558
  -4.5765
  -4.6901
  -4.8077
  -4.9152
  -5.0287
  -5.1394
  -5.2505
  -5.3545
  -5.4584
  -5.5559
  -5.6561
  -5.7464
  -5.8338
  -5.9097
  -5.9789
  -6.0478
  -6.0954
  -0.3891
  -0.5923
  -0.7117
  -0.8626
  -0.9347
  -1.0431
  -1.0961
  -1.1990
  -1.2578
  -1.3569
  -1.4375
  -1.5582
  -1.6664
  -1.7844
  -1.9044
  -2.0511
  -2.1928
  -2.3451
  -2.4873
  -2.6447
  -2.7917
  -2.9390
  -3.0628
  -3.1882
  -3.2848
  -3.3982
  -3.4827
  -3.5843
  -3.6528
  -3.7450
  -3.8039
  -3.8746
  -3.9194
  -3.9576
  -3.9619
  -3.9509
  -3.9044
  -3.8507
  -3.7541
  -3.6524
  -3.5358
  -3.4226
  -3.2917
  -3.1811
  -3.0861
  -3.0191
  -2.9542
  -2.9215
  -2.8904
  -2.8790
  -2.8898
  -2.9167
  -2.9677
  -3.0110
  -3.0748
  -3.1473
  -3.2232
  -3.3021
  -3.3938
  -3.4942
  -3.6118
  -3.7194
  -3.8461
  -3.9698
  -4.0910
  -4.2133
  -4.3373
  -4.4548
  -4.5725
  -4.6882
  -4.8017
  -4.9142
  -5.0268
  -5.1394
  -5.2505
  -5.3545
  -5.4584
  -5.5549
  -5.6502
  -5.7506
  -5.8338
  -5.9117
  -5.9822
  -6.0482
  -6.1034
  -0.4571
  -0.6785
  -0.7818
  -0.9340
  -0.9894
  -1.0992
  -1.1409
  -1.2308
  -1.2901
  -1.3779
  -1.4578
  -1.5544
  -1.6678
  -1.7754
  -1.9022
  -2.0516
  -2.2020
  -2.3551
  -2.4973
  -2.6547
  -2.8017
  -2.9505
  -3.0768
  -3.2080
  -3.3108
  -3.4253
  -3.5085
  -3.6143
  -3.6828
  -3.7632
  -3.8199
  -3.8855
  -3.9257
  -3.9676
  -3.9759
  -3.9699
  -3.9244
  -3.8797
  -3.7781
  -3.6741
  -3.5458
  -3.4326
  -3.3060
  -3.1991
  -3.1021
  -3.0385
  -2.9642
  -2.9248
  -2.8901
  -2.8740
  -2.8838
  -2.9077
  -2.9646
  -3.0110
  -3.0791
  -3.1483
  -3.2232
  -3.2921
  -3.3838
  -3.4827
  -3.5980
  -3.7093
  -3.8421
  -3.9660
  -4.0950
  -4.2177
  -4.3335
  -4.4449
  -4.5625
  -4.6782
  -4.7977
  -4.9097
  -5.0268
  -5.1394
  -5.2505
  -5.3633
  -5.4584
  -5.5549
  -5.6562
  -5.7506
  -5.8372
  -5.9197
  -5.9882
  -6.0572
  -6.1134
  -0.5537
  -0.7873
  -0.8699
  -1.0032
  -1.0542
  -1.1363
  -1.1829
  -1.2496
  -1.3061
  -1.3814
  -1.4538
  -1.5395
  -1.6538
  -1.7586
  -1.8941
  -2.0521
  -2.2080
  -2.3639
  -2.5113
  -2.6737
  -2.8157
  -2.9705
  -3.0968
  -3.2280
  -3.3333
  -3.4624
  -3.5425
  -3.6499
  -3.7097
  -3.7832
  -3.8339
  -3.8964
  -3.9357
  -3.9776
  -3.9950
  -4.0063
  -3.9588
  -3.9176
  -3.8081
  -3.6957
  -3.5588
  -3.4426
  -3.3163
  -3.2121
  -3.1178
  -3.0585
  -2.9792
  -2.9199
  -2.8838
  -2.8600
  -2.8722
  -2.8899
  -2.9556
  -3.0106
  -3.0791
  -3.1424
  -3.2096
  -3.2774
  -3.3709
  -3.4642
  -3.5820
  -3.6983
  -3.8321
  -3.9694
  -4.0999
  -4.2252
  -4.3270
  -4.4259
  -4.5555
  -4.6772
  -4.7917
  -4.9052
  -5.0228
  -5.1422
  -5.2560
  -5.3731
  -5.4556
  -5.5533
  -5.6562
  -5.7554
  -5.8378
  -5.9197
  -5.9889
  -6.0582
  -6.1215
  -0.6832
  -0.9063
  -0.9623
  -1.0641
  -1.0917
  -1.1615
  -1.2024
  -1.2603
  -1.3123
  -1.3643
  -1.4386
  -1.5047
  -1.6218
  -1.7192
  -1.8819
  -2.0431
  -2.2103
  -2.3807
  -2.5283
  -2.7027
  -2.8359
  -2.9890
  -3.1139
  -3.2480
  -3.3617
  -3.4985
  -3.5825
  -3.6854
  -3.7366
  -3.8105
  -3.8535
  -3.9074
  -3.9457
  -3.9940
  -4.0111
  -4.0527
  -4.0104
  -3.9846
  -3.8433
  -3.7087
  -3.5708
  -3.4379
  -3.3183
  -3.2251
  -3.1378
  -3.0785
  -3.0022
  -2.9184
  -2.8778
  -2.8501
  -2.8522
  -2.8687
  -2.9404
  -3.0102
  -3.0813
  -3.1445
  -3.2020
  -3.2616
  -3.3609
  -3.4542
  -3.5720
  -3.6883
  -3.8221
  -3.9698
  -4.1139
  -4.2362
  -4.3270
  -4.4256
  -4.5555
  -4.6844
  -4.7917
  -4.9042
  -5.0210
  -5.1458
  -5.2685
  -5.3831
  -5.4533
  -5.5459
  -5.6602
  -5.7606
  -5.8438
  -5.9148
  -5.9929
  -6.0588
  -6.1235
  -0.8292
  -0.9886
  -1.0163
  -1.0793
  -1.1192
  -1.1596
  -1.1993
  -1.2331
  -1.2964
  -1.3283
  -1.4034
  -1.4391
  -1.5653
  -1.6579
  -1.8539
  -2.0266
  -2.2203
  -2.3975
  -2.5663
  -2.7507
  -2.8739
  -3.0156
  -3.1268
  -3.2588
  -3.3877
  -3.5389
  -3.6265
  -3.7291
  -3.7635
  -3.8315
  -3.8731
  -3.9264
  -3.9517
  -3.9950
  -4.0492
  -4.1076
  -4.0808
  -4.0605
  -3.8882
  -3.7242
  -3.5728
  -3.4289
  -3.3210
  -3.2350
  -3.1634
  -3.1168
  -3.0451
  -2.9844
  -2.9012
  -2.8792
  -2.8522
  -2.8824
  -2.9264
  -3.0008
  -3.0833
  -3.1424
  -3.1909
  -3.2734
  -3.3589
  -3.4622
  -3.5700
  -3.6963
  -3.8201
  -3.9674
  -4.1127
  -4.2252
  -4.3292
  -4.4338
  -4.5555
  -4.6782
  -4.7988
  -4.9132
  -5.0250
  -5.1532
  -5.2765
  -5.3750
  -5.4548
  -5.5613
  -5.6661
  -5.7554
  -5.8404
  -5.9127
  -5.9942
  -6.0582
  -6.1194
  -0.8650
  -0.9297
  -1.0185
  -1.0409
  -1.1032
  -1.1175
  -1.1773
  -1.2021
  -1.2604
  -1.2973
  -1.3642
  -1.4022
  -1.5133
  -1.6441
  -1.8355
  -2.0336
  -2.2215
  -2.3974
  -2.5852
  -2.7518
  -2.8963
  -3.0266
  -3.1428
  -3.2602
  -3.3982
  -3.5439
  -3.6622
  -3.7330
  -3.7855
  -3.8352
  -3.8891
  -3.9293
  -3.9562
  -3.9950
  -4.0534
  -4.1026
  -4.1224
  -4.0485
  -3.9142
  -3.7286
  -3.5668
  -3.4326
  -3.3193
  -3.2420
  -3.1814
  -3.1211
  -3.0791
  -3.0116
  -2.9372
  -2.9141
  -2.8826
  -2.9178
  -2.9376
  -3.0088
  -3.0773
  -3.1414
  -3.2100
  -3.2934
  -3.3729
  -3.4812
  -3.5840
  -3.7153
  -3.8325
  -3.9712
  -4.1059
  -4.2197
  -4.3335
  -4.4528
  -4.5605
  -4.6862
  -4.8025
  -4.9232
  -5.0350
  -5.1594
  -5.2705
  -5.3743
  -5.4648
  -5.5713
  -5.6641
  -5.7569
  -5.8364
  -5.9117
  -5.9889
  -6.0582
  -6.1174
  -0.7164
  -0.7697
  -0.9405
  -0.9447
  -1.0380
  -1.0624
  -1.1384
  -1.1633
  -1.2303
  -1.2844
  -1.3434
  -1.4158
  -1.5029
  -1.6657
  -1.8376
  -2.0336
  -2.2187
  -2.4064
  -2.5827
  -2.7467
  -2.8961
  -3.0200
  -3.1488
  -3.2692
  -3.3997
  -3.5255
  -3.6485
  -3.7194
  -3.7906
  -3.8425
  -3.8946
  -3.9293
  -3.9579
  -3.9976
  -4.0484
  -4.0610
  -4.0868
  -3.9836
  -3.8873
  -3.7120
  -3.5708
  -3.4426
  -3.3293
  -3.2541
  -3.1814
  -3.1211
  -3.0692
  -3.0172
  -2.9632
  -2.9401
  -2.9186
  -2.9423
  -2.9536
  -3.0192
  -3.0808
  -3.1473
  -3.2172
  -3.3044
  -3.3918
  -3.5007
  -3.6000
  -3.7263
  -3.8425
  -3.9760
  -4.1010
  -4.2223
  -4.3375
  -4.4629
  -4.5705
  -4.6962
  -4.8117
  -4.9287
  -5.0450
  -5.1656
  -5.2705
  -5.3743
  -5.4724
  -5.5749
  -5.6701
  -5.7606
  -5.8378
  -5.9207
  -5.9929
  -6.0588
  -6.1154
  -0.1653
  -0.5084
  -0.5863
  -0.7938
  -0.8294
  -0.9637
  -0.9871
  -1.0844
  -1.1178
  -1.2003
  -1.2619
  -1.3434
  -1.4352
  -1.5369
  -1.6962
  -1.8476
  -2.0336
  -2.2207
  -2.4062
  -2.5823
  -2.7367
  -2.8861
  -3.0200
  -3.1499
  -3.2790
  -3.4013
  -3.5154
  -3.6282
  -3.7073
  -3.7846
  -3.8435
  -3.8951
  -3.9383
  -3.9679
  -3.9948
  -4.0172
  -4.0096
  -4.0148
  -3.9186
  -3.8413
  -3.6897
  -3.5668
  -3.4393
  -3.3357
  -3.2471
  -3.1774
  -3.1121
  -3.0652
  -3.0082
  -2.9681
  -2.9570
  -2.9446
  -2.9633
  -2.9676
  -3.0210
  -3.0808
  -3.1552
  -3.2272
  -3.3186
  -3.4058
  -3.5122
  -3.6140
  -3.7374
  -3.8525
  -3.9850
  -4.1050
  -4.2313
  -4.3475
  -4.4729
  -4.5805
  -4.7062
  -4.8157
  -4.9387
  -5.0550
  -5.1694
  -5.2745
  -5.3835
  -5.4824
  -5.5839
  -5.6741
  -5.7696
  -5.8478
  -5.9307
  -6.0022
  -6.0678
  -6.1234
  -0.0265
  -0.3311
  -0.4325
  -0.6517
  -0.7062
  -0.8562
  -0.9000
  -1.0266
  -1.0682
  -1.1698
  -1.2404
  -1.3323
  -1.4451
  -1.5649
  -1.7062
  -1.8558
  -2.0336
  -2.2155
  -2.3984
  -2.5727
  -2.7357
  -2.8839
  -3.0215
  -3.1539
  -3.2800
  -3.4013
  -3.5093
  -3.6165
  -3.7073
  -3.7846
  -3.8452
  -3.8991
  -3.9474
  -3.9739
  -3.9958
  -4.0001
  -3.9802
  -3.9604
  -3.8756
  -3.8004
  -3.6684
  -3.5508
  -3.4303
  -3.3313
  -3.2371
  -3.1674
  -3.0931
  -3.0512
  -3.0045
  -2.9741
  -2.9580
  -2.9566
  -2.9730
  -2.9786
  -3.0300
  -3.0848
  -3.1573
  -3.2332
  -3.3286
  -3.4189
  -3.5222
  -3.6298
  -3.7474
  -3.8625
  -3.9950
  -4.1150
  -4.2413
  -4.3575
  -4.4829
  -4.5905
  -4.7234
  -4.8297
  -4.9532
  -5.0608
  -5.1784
  -5.2845
  -5.3935
  -5.4924
  -5.5939
  -5.6841
  -5.7796
  -5.8578
  -5.9407
  -6.0122
  -6.0778
  -6.1334
   0.0954
  -0.1831
  -0.2915
  -0.5197
  -0.5927
  -0.7647
  -0.8188
  -0.9506
  -1.0125
  -1.1318
  -1.2085
  -1.3227
  -1.4458
  -1.5749
  -1.7162
  -1.8621
  -2.0336
  -2.2155
  -2.3837
  -2.5657
  -2.7357
  -2.8839
  -3.0290
  -3.1588
  -3.2888
  -3.4013
  -3.5144
  -3.6122
  -3.7073
  -3.7846
  -3.8542
  -3.9091
  -3.9574
  -3.9802
  -3.9920
  -3.9939
  -3.9564
  -3.9244
  -3.8356
  -3.7604
  -3.6358
  -3.5368
  -3.4113
  -3.3173
  -3.2241
  -3.1518
  -3.0731
  -3.0312
  -2.9845
  -2.9701
  -2.9530
  -2.9602
  -2.9743
  -2.9817
  -3.0306
  -3.0908
  -3.1652
  -3.2388
  -3.3296
  -3.4278
  -3.5322
  -3.6398
  -3.7574
  -3.8725
  -4.0050
  -4.1250
  -4.2513
  -4.3675
  -4.4929
  -4.6005
  -4.7344
  -4.8457
  -4.9632
  -5.0708
  -5.1866
  -5.2905
  -5.3946
  -5.5024
  -5.6039
  -5.6981
  -5.7949
  -5.8678
  -5.9507
  -6.0222
  -6.0878
  -6.1434
   0.1923
  -0.0571
  -0.1785
  -0.3995
  -0.4959
  -0.6652
  -0.7317
  -0.8792
  -0.9529
  -1.0855
  -1.1781
  -1.3059
  -1.4288
  -1.5729
  -1.7082
  -1.8641
  -2.0246
  -2.2147
  -2.3817
  -2.5697
  -2.7447
  -2.8917
  -3.0366
  -3.1599
  -3.2898
  -3.4068
  -3.5244
  -3.6205
  -3.7163
  -3.7917
  -3.8642
  -3.9191
  -3.9674
  -3.9902
  -4.0020
  -3.9869
  -3.9427
  -3.8960
  -3.8136
  -3.7284
  -3.6148
  -3.5138
  -3.3913
  -3.2977
  -3.1991
  -3.1318
  -3.0531
  -3.0112
  -2.9645
  -2.9527
  -2.9440
  -2.9562
  -2.9676
  -2.9877
  -3.0396
  -3.0948
  -3.1683
  -3.2432
  -3.3386
  -3.4318
  -3.5422
  -3.6498
  -3.7674
  -3.8825
  -4.0088
  -4.1350
  -4.2613
  -4.3775
  -4.5038
  -4.6145
  -4.7452
  -4.8557
  -4.9732
  -5.0808
  -5.1956
  -5.2945
  -5.4036
  -5.5112
  -5.6139
  -5.7102
  -5.8049
  -5.8778
  -5.9607
  -6.0322
  -6.1062
  -6.1574
   0.3013
   0.0537
  -0.0865
  -0.3015
  -0.4129
  -0.5792
  -0.6607
  -0.8109
  -0.8949
  -1.0375
  -1.1352
  -1.2859
  -1.4088
  -1.5574
  -1.6982
  -1.8541
  -2.0151
  -2.2138
  -2.3895
  -2.5762
  -2.7588
  -2.9019
  -3.0466
  -3.1628
  -3.2898
  -3.4113
  -3.5315
  -3.6385
  -3.7409
  -3.8057
  -3.8815
  -3.9295
  -3.9864
  -4.0042
  -4.0156
  -3.9868
  -3.9470
  -3.8840
  -3.8016
  -3.7084
  -3.5874
  -3.4898
  -3.3623
  -3.2733
  -3.1691
  -3.1078
  -3.0241
  -2.9872
  -2.9421
  -2.9387
  -2.9300
  -2.9462
  -2.9611
  -2.9926
  -3.0410
  -3.1008
  -3.1742
  -3.2528
  -3.3396
  -3.4378
  -3.5432
  -3.6560
  -3.7773
  -3.8925
  -4.0188
  -4.1399
  -4.2713
  -4.3875
  -4.5138
  -4.6300
  -4.7562
  -4.8657
  -4.9832
  -5.0908
  -5.2056
  -5.3045
  -5.4226
  -5.5224
  -5.6313
  -5.7202
  -5.8186
  -5.8918
  -5.9797
  -6.0469
  -6.1262
  -6.1734
   0.4014
   0.1479
  -0.0228
  -0.2355
  -0.3633
  -0.5164
  -0.5997
  -0.7423
  -0.8284
  -0.9815
  -1.0937
  -1.2535
  -1.3916
  -1.5459
  -1.6818
  -1.8361
  -1.9876
  -2.2050
  -2.4028
  -2.5902
  -2.7829
  -2.9183
  -3.0551
  -3.1688
  -3.2812
  -3.4113
  -3.5539
  -3.6600
  -3.7744
  -3.8297
  -3.8932
  -3.9435
  -4.0135
  -4.0242
  -4.0346
  -4.0008
  -3.9560
  -3.8809
  -3.7906
  -3.6887
  -3.5664
  -3.4638
  -3.3413
  -3.2433
  -3.1371
  -3.0738
  -2.9851
  -2.9561
  -2.9131
  -2.9147
  -2.9049
  -2.9358
  -2.9531
  -2.9937
  -3.0406
  -3.1008
  -3.1752
  -3.2532
  -3.3428
  -3.4418
  -3.5448
  -3.6598
  -3.7774
  -3.8985
  -4.0260
  -4.1499
  -4.2748
  -4.3997
  -4.5328
  -4.6440
  -4.7752
  -4.8757
  -4.9932
  -5.1008
  -5.2184
  -5.3185
  -5.4335
  -5.5324
  -5.6413
  -5.7341
  -5.8344
  -5.9118
  -5.9997
  -6.0669
  -6.1378
  -6.1874
   0.6381
   0.4965
   0.2339
   0.0079
  -0.2032
  -0.3386
  -0.4692
  -0.5358
  -0.6783
  -0.7676
  -0.9312
  -1.0447
  -1.2235
  -1.3664
  -1.5319
  -1.6677
  -1.7959
  -1.9402
  -2.1793
  -2.4130
  -2.6107
  -2.8088
  -2.9443
  -3.0657
  -3.1637
  -3.2625
  -3.4057
  -3.5571
  -3.6878
  -3.8056
  -3.8403
  -3.8932
  -3.9679
  -4.0516
  -4.0585
  -4.0752
  -4.0237
  -3.9930
  -3.8958
  -3.7955
  -3.6690
  -3.5381
  -3.4408
  -3.3156
  -3.2190
  -3.1031
  -3.0338
  -2.9454
  -2.9221
  -2.8817
  -2.8850
  -2.8849
  -2.9158
  -2.9354
  -2.9856
  -3.0406
  -3.1048
  -3.1783
  -3.2532
  -3.3406
  -3.4467
  -3.5532
  -3.6660
  -3.7873
  -3.9025
  -4.0298
  -4.1550
  -4.2848
  -4.4097
  -4.5446
  -4.6640
  -4.7871
  -4.8897
  -5.0068
  -5.1108
  -5.2284
  -5.3345
  -5.4436
  -5.5464
  -5.6539
  -5.7442
  -5.8496
  -5.9312
  -6.0197
  -6.0862
  -6.1568
  -6.2054
   0.7305
   0.5856
   0.2991
  -0.0351
  -0.2232
  -0.3501
  -0.4194
  -0.4967
  -0.6295
  -0.7448
  -0.8970
  -1.0222
  -1.1959
  -1.3554
  -1.5210
  -1.6546
  -1.7719
  -1.9622
  -2.1653
  -2.3985
  -2.6127
  -2.7789
  -2.9443
  -3.0526
  -3.1577
  -3.2695
  -3.3982
  -3.5459
  -3.6911
  -3.7714
  -3.8526
  -3.9005
  -3.9867
  -4.0646
  -4.0902
  -4.0784
  -4.0557
  -4.0187
  -3.9318
  -3.8104
  -3.6499
  -3.5181
  -3.4288
  -3.3089
  -3.1970
  -3.0681
  -3.0034
  -2.9324
  -2.8882
  -2.8574
  -2.8690
  -2.8739
  -2.8998
  -2.9267
  -2.9796
  -3.0402
  -3.1113
  -3.1804
  -3.2532
  -3.3396
  -3.4407
  -3.5607
  -3.6660
  -3.7952
  -3.9085
  -4.0298
  -4.1639
  -4.3013
  -4.4197
  -4.5546
  -4.6795
  -4.8062
  -4.9088
  -5.0133
  -5.1208
  -5.2366
  -5.3435
  -5.4625
  -5.5612
  -5.6639
  -5.7602
  -5.8596
  -5.9412
  -6.0377
  -6.1022
  -6.1762
  -6.2114
   0.7505
   0.5566
   0.3293
  -0.0043
  -0.2392
  -0.3460
  -0.4217
  -0.5178
  -0.6169
  -0.7526
  -0.8912
  -1.0383
  -1.1927
  -1.3486
  -1.5145
  -1.6642
  -1.8019
  -1.9906
  -2.1730
  -2.3692
  -2.5797
  -2.7348
  -2.9101
  -3.0210
  -3.1548
  -3.2702
  -3.3957
  -3.5226
  -3.6578
  -3.7393
  -3.8266
  -3.8897
  -3.9787
  -4.0305
  -4.0802
  -4.0630
  -4.0529
  -4.0207
  -3.9498
  -3.8234
  -3.6512
  -3.5347
  -3.4288
  -3.3136
  -3.1860
  -3.0811
  -2.9938
  -2.9308
  -2.8761
  -2.8667
  -2.8633
  -2.8780
  -2.8938
  -2.9357
  -2.9836
  -3.0406
  -3.1151
  -3.1783
  -3.2572
  -3.3486
  -3.4476
  -3.5617
  -3.6663
  -3.7962
  -3.9110
  -4.0298
  -4.1656
  -4.2968
  -4.4257
  -4.5556
  -4.6855
  -4.8072
  -4.9148
  -5.0188
  -5.1250
  -5.2394
  -5.3489
  -5.4825
  -5.5764
  -5.6829
  -5.7740
  -5.8654
  -5.9512
  -6.0397
  -6.1082
  -6.1692
  -6.2133
   0.7026
   0.4645
   0.2733
  -0.0041
  -0.2072
  -0.3463
  -0.4382
  -0.5687
  -0.6503
  -0.7964
  -0.9072
  -1.0657
  -1.2023
  -1.3576
  -1.5130
  -1.6762
  -1.8239
  -2.0026
  -2.1763
  -2.3495
  -2.5472
  -2.7038
  -2.8757
  -3.0045
  -3.1448
  -3.2610
  -3.3873
  -3.5035
  -3.6300
  -3.7103
  -3.8057
  -3.8700
  -3.9539
  -3.9914
  -4.0419
  -4.0424
  -4.0449
  -3.9900
  -3.9338
  -3.8185
  -3.6765
  -3.5631
  -3.4328
  -3.3273
  -3.2043
  -3.1081
  -3.0078
  -2.9581
  -2.8961
  -2.8857
  -2.8693
  -2.8819
  -2.8978
  -2.9367
  -2.9896
  -3.0496
  -3.1131
  -3.1873
  -3.2628
  -3.3586
  -3.4547
  -3.5622
  -3.6698
  -3.7874
  -3.9110
  -4.0350
  -4.1607
  -4.2958
  -4.4257
  -4.5466
  -4.6815
  -4.7982
  -4.9108
  -5.0152
  -5.1268
  -5.2394
  -5.3520
  -5.4665
  -5.5804
  -5.6733
  -5.7700
  -5.8516
  -5.9492
  -6.0217
  -6.1002
  -6.1508
  -6.2053
   0.6081
   0.3704
   0.1987
  -0.0503
  -0.2133
  -0.3899
  -0.4859
  -0.6277
  -0.7103
  -0.8551
  -0.9514
  -1.1062
  -1.2231
  -1.3758
  -1.5230
  -1.6862
  -1.8339
  -2.0026
  -2.1723
  -2.3337
  -2.5172
  -2.6738
  -2.8495
  -2.9845
  -3.1308
  -3.2508
  -3.3733
  -3.4784
  -3.6002
  -3.6847
  -3.7828
  -3.8400
  -3.9235
  -3.9604
  -4.0119
  -4.0124
  -4.0158
  -3.9690
  -3.9089
  -3.8086
  -3.6947
  -3.5841
  -3.4528
  -3.3426
  -3.2207
  -3.1221
  -3.0294
  -2.9791
  -2.9172
  -2.8991
  -2.8807
  -2.8880
  -2.9038
  -2.9367
  -2.9896
  -3.0502
  -3.1191
  -3.1952
  -3.2728
  -3.3686
  -3.4618
  -3.5707
  -3.6760
  -3.7973
  -3.9125
  -4.0398
  -4.1659
  -4.2958
  -4.4235
  -4.5448
  -4.6715
  -4.7882
  -4.9008
  -5.0052
  -5.1228
  -5.2304
  -5.3480
  -5.4555
  -5.5644
  -5.6559
  -5.7600
  -5.8416
  -5.9332
  -6.0017
  -6.0802
  -6.1308
  -6.1893
   0.5041
   0.2623
   0.1131
  -0.1363
  -0.2715
  -0.4579
  -0.5532
  -0.7057
  -0.7758
  -0.9229
  -1.0055
  -1.1501
  -1.2531
  -1.3980
  -1.5370
  -1.6940
  -1.8381
  -2.0021
  -2.1632
  -2.3227
  -2.4987
  -2.6618
  -2.8275
  -2.9735
  -3.1159
  -3.2408
  -3.3548
  -3.4574
  -3.5742
  -3.6603
  -3.7588
  -3.8190
  -3.8975
  -3.9394
  -3.9859
  -3.9914
  -3.9949
  -3.9527
  -3.8953
  -3.8196
  -3.7107
  -3.6034
  -3.4738
  -3.3649
  -3.2347
  -3.1411
  -3.0494
  -2.9901
  -2.9332
  -2.9015
  -2.8867
  -2.8830
  -2.8998
  -2.9289
  -2.9896
  -3.0502
  -3.1191
  -3.1952
  -3.2788
  -3.3696
  -3.4678
  -3.5717
  -3.6760
  -3.7973
  -3.9185
  -4.0398
  -4.1659
  -4.2958
  -4.4235
  -4.5358
  -4.6620
  -4.7782
  -4.8948
  -5.0042
  -5.1168
  -5.2266
  -5.3380
  -5.4455
  -5.5544
  -5.6459
  -5.7461
  -5.8316
  -5.9198
  -5.9907
  -6.0642
  -6.1198
  -6.1774
   0.5451
   0.3981
   0.1514
   0.0051
  -0.2458
  -0.3535
  -0.5483
  -0.6284
  -0.7828
  -0.8518
  -0.9895
  -1.0615
  -1.1915
  -1.2819
  -1.4190
  -1.5485
  -1.7030
  -1.8421
  -2.0106
  -2.1580
  -2.3217
  -2.4887
  -2.6518
  -2.8175
  -2.9635
  -3.1048
  -3.2218
  -3.3388
  -3.4393
  -3.5542
  -3.6347
  -3.7297
  -3.7900
  -3.8735
  -3.9185
  -3.9659
  -3.9778
  -3.9789
  -3.9507
  -3.8940
  -3.8227
  -3.7247
  -3.6224
  -3.4998
  -3.3802
  -3.2507
  -3.1521
  -3.0638
  -2.9998
  -2.9392
  -2.9025
  -2.8827
  -2.8740
  -2.8898
  -2.9199
  -2.9856
  -3.0412
  -3.1191
  -3.1952
  -3.2788
  -3.3696
  -3.4678
  -3.5642
  -3.6758
  -3.7884
  -3.9161
  -4.0450
  -4.1659
  -4.2958
  -4.4213
  -4.5348
  -4.6560
  -4.7691
  -4.8877
  -4.9952
  -5.1128
  -5.2204
  -5.3305
  -5.4355
  -5.5444
  -5.6359
  -5.7361
  -5.8216
  -5.9098
  -5.9807
  -6.0542
  -6.1098
  -6.1674
   0.4592
   0.2948
   0.0214
  -0.1217
  -0.3738
  -0.4676
  -0.6642
  -0.7212
  -0.8740
  -0.9258
  -1.0502
  -1.1118
  -1.2234
  -1.3103
  -1.4331
  -1.5639
  -1.6950
  -1.8441
  -2.0026
  -2.1548
  -2.3205
  -2.4858
  -2.6418
  -2.8075
  -2.9535
  -3.0948
  -3.2110
  -3.3248
  -3.4264
  -3.5285
  -3.6103
  -3.7057
  -3.7690
  -3.8479
  -3.8985
  -3.9499
  -3.9722
  -3.9779
  -3.9562
  -3.9020
  -3.8406
  -3.7404
  -3.6418
  -3.5188
  -3.3912
  -3.2647
  -3.1691
  -3.0738
  -3.0098
  -2.9412
  -2.8958
  -2.8764
  -2.8590
  -2.8758
  -2.9009
  -2.9725
  -3.0312
  -3.1156
  -3.1952
  -3.2788
  -3.3664
  -3.4609
  -3.5542
  -3.6718
  -3.7794
  -3.9121
  -4.0432
  -4.1710
  -4.3013
  -4.4213
  -4.5429
  -4.6560
  -4.7619
  -4.8777
  -4.9852
  -5.1028
  -5.2104
  -5.3280
  -5.4343
  -5.5344
  -5.6259
  -5.7261
  -5.8116
  -5.8998
  -5.9707
  -6.0442
  -6.0998
  -6.1574
   0.4215
   0.1707
  -0.1275
  -0.2697
  -0.5315
  -0.6016
  -0.7880
  -0.8339
  -0.9591
  -0.9955
  -1.1088
  -1.1581
  -1.2569
  -1.3303
  -1.4434
  -1.5609
  -1.6940
  -1.8381
  -2.0016
  -2.1520
  -2.3217
  -2.4798
  -2.6408
  -2.7977
  -2.9435
  -3.0848
  -3.2010
  -3.3104
  -3.4093
  -3.5127
  -3.5893
  -3.6828
  -3.7490
  -3.8283
  -3.8875
  -3.9394
  -3.9722
  -3.9779
  -3.9709
  -3.9220
  -3.8596
  -3.7544
  -3.6534
  -3.5328
  -3.4102
  -3.2790
  -3.1821
  -3.0861
  -3.0195
  -2.9422
  -2.8948
  -2.8701
  -2.8490
  -2.8562
  -2.8809
  -2.9525
  -3.0290
  -3.1156
  -3.2022
  -3.2748
  -3.3564
  -3.4509
  -3.5427
  -3.6580
  -3.7693
  -3.9021
  -4.0394
  -4.1759
  -4.3058
  -4.4275
  -4.5439
  -4.6565
  -4.7609
  -4.8708
  -4.9752
  -5.0968
  -5.2112
  -5.3245
  -5.4343
  -5.5296
  -5.6184
  -5.7161
  -5.8064
  -5.8938
  -5.9697
  -6.0382
  -6.0988
  -6.1514
   0.3549
   0.0676
  -0.2903
  -0.4411
  -0.7095
  -0.7498
  -0.9202
  -0.9302
  -1.0464
  -1.0715
  -1.1553
  -1.1941
  -1.2794
  -1.3506
  -1.4375
  -1.5529
  -1.6782
  -1.8341
  -1.9936
  -2.1580
  -2.3295
  -2.4878
  -2.6547
  -2.7979
  -2.9425
  -3.0788
  -3.1912
  -3.3004
  -3.3993
  -3.4967
  -3.5693
  -3.6628
  -3.7297
  -3.8123
  -3.8766
  -3.9394
  -3.9830
  -3.9910
  -3.9989
  -3.9484
  -3.8976
  -3.7787
  -3.6731
  -3.5418
  -3.4169
  -3.2907
  -3.1891
  -3.0981
  -3.0292
  -2.9462
  -2.8886
  -2.8610
  -2.8581
  -2.8502
  -2.8789
  -2.9424
  -3.0290
  -3.1201
  -3.2063
  -3.2776
  -3.3421
  -3.4369
  -3.5327
  -3.6420
  -3.7504
  -3.8921
  -4.0294
  -4.1839
  -4.3203
  -4.4353
  -4.5529
  -4.6605
  -4.7699
  -4.8648
  -4.9742
  -5.0910
  -5.2330
  -5.3425
  -5.4432
  -5.5296
  -5.6110
  -5.7061
  -5.8012
  -5.8938
  -5.9787
  -6.0407
  -6.0898
  -6.1474
   0.3157
  -0.0404
  -0.4952
  -0.6471
  -0.9022
  -0.9020
  -1.0415
  -1.0317
  -1.1226
  -1.1273
  -1.1959
  -1.2205
  -1.2737
  -1.3454
  -1.4147
  -1.5384
  -1.6592
  -1.8201
  -1.9836
  -2.1563
  -2.3432
  -2.5043
  -2.6685
  -2.8079
  -2.9490
  -3.0777
  -3.1902
  -3.2944
  -3.3912
  -3.4809
  -3.5514
  -3.6388
  -3.7035
  -3.7991
  -3.8756
  -3.9388
  -4.0003
  -4.0201
  -4.0316
  -3.9824
  -3.9366
  -3.8090
  -3.6864
  -3.5518
  -3.4326
  -3.3047
  -3.2101
  -3.1167
  -3.0848
  -2.9842
  -2.9539
  -2.9001
  -2.9020
  -2.8742
  -2.9304
  -2.9584
  -3.0478
  -3.1321
  -3.2083
  -3.2760
  -3.3501
  -3.4289
  -3.5317
  -3.6358
  -3.7484
  -3.8796
  -4.0194
  -4.1685
  -4.2978
  -4.4355
  -4.5449
  -4.6660
  -4.7709
  -4.8640
  -4.9697
  -5.1033
  -5.2458
  -5.3642
  -5.4532
  -5.5265
  -5.5920
  -5.6923
  -5.8039
  -5.9081
  -6.0045
  -6.0485
  -6.0720
  -6.1334
   0.3140
  -0.2169
  -0.7364
  -0.8630
  -1.0562
  -1.0468
  -1.1162
  -1.1180
  -1.1658
  -1.1753
  -1.2044
  -1.2285
  -1.2516
  -1.3174
  -1.3757
  -1.5049
  -1.6365
  -1.8059
  -1.9741
  -2.1555
  -2.3588
  -2.5252
  -2.7065
  -2.8299
  -2.9651
  -3.0765
  -3.1812
  -3.2904
  -3.3822
  -3.4709
  -3.5326
  -3.6119
  -3.6842
  -3.7831
  -3.8647
  -3.9448
  -4.0077
  -4.0371
  -4.0663
  -4.0224
  -3.9895
  -3.8350
  -3.6853
  -3.5548
  -3.4336
  -3.3167
  -3.2291
  -3.1420
  -3.1178
  -3.0571
  -3.0273
  -2.9441
  -2.9481
  -2.9262
  -2.9568
  -2.9845
  -3.0588
  -3.1356
  -3.2083
  -3.2816
  -3.3601
  -3.4389
  -3.5407
  -3.6398
  -3.7653
  -3.8841
  -4.0240
  -4.1607
  -4.3048
  -4.4275
  -4.5538
  -4.6700
  -4.7881
  -4.8708
  -5.0057
  -5.1114
  -5.2604
  -5.3722
  -5.4541
  -5.5225
  -5.6080
  -5.6923
  -5.8049
  -5.9107
  -5.9965
  -6.0505
  -6.0544
  -6.1174
   0.7847
   0.2824
  -0.2609
  -0.7182
  -0.9810
  -1.0824
  -1.1228
  -1.1753
  -1.1687
  -1.2158
  -1.2056
  -1.2412
  -1.2349
  -1.2585
  -1.2842
  -1.3447
  -1.4854
  -1.6379
  -1.8079
  -1.9826
  -2.1595
  -2.3562
  -2.5412
  -2.6967
  -2.8461
  -2.9651
  -3.0777
  -3.1895
  -3.2859
  -3.3812
  -3.4609
  -3.5240
  -3.5939
  -3.6822
  -3.7771
  -3.8637
  -3.9426
  -4.0023
  -4.0492
  -4.0603
  -4.0424
  -3.9726
  -3.8522
  -3.7080
  -3.5628
  -3.4629
  -3.3413
  -3.2631
  -3.1671
  -3.1494
  -3.1111
  -3.0662
  -2.9978
  -3.0020
  -2.9742
  -3.0190
  -3.0065
  -3.0786
  -3.1408
  -3.2152
  -3.2872
  -3.3744
  -3.4529
  -3.5597
  -3.6538
  -3.7764
  -3.8985
  -4.0260
  -4.1656
  -4.3058
  -4.4335
  -4.5638
  -4.6800
  -4.7981
  -4.9068
  -5.0312
  -5.1431
  -5.2656
  -5.3676
  -5.4631
  -5.5388
  -5.6280
  -5.7081
  -5.8134
  -5.9107
  -5.9786
  -6.0427
  -6.0794
  -6.1214
   0.6726
   0.2282
  -0.2459
  -0.5731
  -0.9148
  -1.0070
  -1.1245
  -1.1601
  -1.1995
  -1.2247
  -1.2396
  -1.2622
  -1.2609
  -1.2720
  -1.2802
  -1.3475
  -1.4730
  -1.6467
  -1.8181
  -1.9836
  -2.1750
  -2.3665
  -2.5363
  -2.6915
  -2.8361
  -2.9586
  -3.0777
  -3.1815
  -3.2859
  -3.3741
  -3.4632
  -3.5364
  -3.6019
  -3.6985
  -3.7811
  -3.8646
  -3.9408
  -3.9987
  -4.0352
  -4.0413
  -4.0284
  -3.9536
  -3.8570
  -3.7331
  -3.5898
  -3.4966
  -3.3810
  -3.3111
  -3.2191
  -3.1781
  -3.1211
  -3.0828
  -3.0398
  -3.0350
  -3.0222
  -3.0477
  -3.0366
  -3.0814
  -3.1431
  -3.2183
  -3.2932
  -3.3754
  -3.4649
  -3.5707
  -3.6698
  -3.7874
  -3.9025
  -4.0350
  -4.1656
  -4.3058
  -4.4357
  -4.5648
  -4.6860
  -4.8154
  -4.9265
  -5.0522
  -5.1510
  -5.2694
  -5.3731
  -5.4732
  -5.5548
  -5.6519
  -5.7319
  -5.8196
  -5.9038
  -5.9776
  -6.0367
  -6.0968
  -6.1434
   0.5465
   0.1811
  -0.1604
  -0.4742
  -0.7917
  -0.9180
  -1.0722
  -1.1272
  -1.1867
  -1.2276
  -1.2547
  -1.2834
  -1.2849
  -1.3151
  -1.3082
  -1.4057
  -1.5030
  -1.6705
  -1.8224
  -1.9831
  -2.1770
  -2.3540
  -2.5323
  -2.6815
  -2.8261
  -2.9486
  -3.0737
  -3.1805
  -3.2819
  -3.3712
  -3.4607
  -3.5473
  -3.6219
  -3.7167
  -3.7907
  -3.8736
  -3.9388
  -4.0013
  -4.0331
  -4.0366
  -4.0171
  -3.9607
  -3.8641
  -3.7624
  -3.6208
  -3.5366
  -3.4173
  -3.3401
  -3.2494
  -3.1901
  -3.1332
  -3.0938
  -3.0584
  -3.0560
  -3.0446
  -3.0666
  -3.0627
  -3.0916
  -3.1491
  -3.2183
  -3.2972
  -3.3844
  -3.4718
  -3.5807
  -3.6798
  -3.7974
  -3.9125
  -4.0398
  -4.1707
  -4.3058
  -4.4357
  -4.5656
  -4.6900
  -4.8244
  -4.9425
  -5.0632
  -5.1667
  -5.2784
  -5.3831
  -5.4833
  -5.5688
  -5.6729
  -5.7459
  -5.8349
  -5.9078
  -5.9866
  -6.0422
  -6.1078
  -6.1554
   0.4883
   0.1679
  -0.1464
  -0.4073
  -0.6943
  -0.8445
  -1.0098
  -1.0884
  -1.1805
  -1.2274
  -1.2647
  -1.2949
  -1.3145
  -1.3556
  -1.3630
  -1.4657
  -1.5374
  -1.6918
  -1.8322
  -1.9831
  -2.1532
  -2.3440
  -2.5223
  -2.6715
  -2.8161
  -2.9476
  -3.0677
  -3.1802
  -3.2759
  -3.3783
  -3.4687
  -3.5653
  -3.6388
  -3.7295
  -3.8047
  -3.8846
  -3.9488
  -4.0103
  -4.0371
  -4.0483
  -4.0191
  -3.9807
  -3.8841
  -3.7898
  -3.6528
  -3.5633
  -3.4490
  -3.3611
  -3.2661
  -3.1998
  -3.1392
  -3.1015
  -3.0741
  -3.0620
  -3.0642
  -3.0830
  -3.0839
  -3.0926
  -3.1508
  -3.2242
  -3.3028
  -3.3896
  -3.4789
  -3.5817
  -3.6858
  -3.8063
  -3.9225
  -4.0488
  -4.1747
  -4.3113
  -4.4357
  -4.5746
  -4.6995
  -4.8344
  -4.9525
  -5.0732
  -5.1767
  -5.2884
  -5.3945
  -5.5023
  -5.5876
  -5.6854
  -5.7619
  -5.8449
  -5.9178
  -5.9966
  -6.0522
  -6.1178
  -6.1654
   0.4442
   0.1791
  -0.1067
  -0.3633
  -0.6303
  -0.8008
  -0.9657
  -1.0696
  -1.1609
  -1.2303
  -1.2747
  -1.3249
  -1.3445
  -1.3932
  -1.4190
  -1.5118
  -1.5878
  -1.7114
  -1.8302
  -1.9826
  -2.1472
  -2.3430
  -2.5123
  -2.6615
  -2.8099
  -2.9400
  -3.0677
  -3.1802
  -3.2799
  -3.3812
  -3.4765
  -3.5763
  -3.6579
  -3.7485
  -3.8243
  -3.9036
  -3.9611
  -4.0203
  -4.0511
  -4.0700
  -4.0431
  -4.0107
  -3.9121
  -3.8214
  -3.6798
  -3.5876
  -3.4747
  -3.3691
  -3.2781
  -3.2008
  -3.1402
  -3.1025
  -3.0741
  -3.0630
  -3.0702
  -3.0763
  -3.0849
  -3.1016
  -3.1525
  -3.2252
  -3.3032
  -3.3896
  -3.4849
  -3.5907
  -3.6900
  -3.8163
  -3.9310
  -4.0498
  -4.1807
  -4.3213
  -4.4419
  -4.5756
  -4.7090
  -4.8444
  -4.9625
  -5.0832
  -5.1867
  -5.3046
  -5.4045
  -5.5133
  -5.6036
  -5.7029
  -5.7759
  -5.8639
  -5.9318
  -6.0087
  -6.0662
  -6.1368
  -6.1794
   0.6998
   0.4521
   0.1971
  -0.0867
  -0.3413
  -0.5983
  -0.7870
  -0.9437
  -1.0652
  -1.1602
  -1.2393
  -1.2924
  -1.3461
  -1.3744
  -1.4327
  -1.4582
  -1.5477
  -1.6153
  -1.7302
  -1.8365
  -1.9826
  -2.1440
  -2.3135
  -2.5058
  -2.6557
  -2.8039
  -2.9400
  -3.0677
  -3.1802
  -3.2868
  -3.3973
  -3.4862
  -3.5897
  -3.6719
  -3.7667
  -3.8403
  -3.9146
  -3.9728
  -4.0393
  -4.0742
  -4.1090
  -4.0771
  -4.0587
  -3.9558
  -3.8611
  -3.7128
  -3.6036
  -3.4823
  -3.3671
  -3.2741
  -3.1918
  -3.1362
  -3.0935
  -3.0701
  -3.0540
  -3.0626
  -3.0663
  -3.0837
  -3.1202
  -3.1560
  -3.2252
  -3.3032
  -3.3896
  -3.4878
  -3.5932
  -3.7000
  -3.8184
  -3.9350
  -4.0588
  -4.1896
  -4.3248
  -4.4497
  -4.5854
  -4.7190
  -4.8472
  -4.9693
  -5.0932
  -5.2008
  -5.3094
  -5.4145
  -5.5233
  -5.6164
  -5.7154
  -5.7920
  -5.8791
  -5.9444
  -6.0256
  -6.0822
  -6.1478
  -6.1954
   0.7434
   0.4841
   0.2332
  -0.0766
  -0.3493
  -0.5949
  -0.8040
  -0.9457
  -1.0766
  -1.1694
  -1.2522
  -1.3064
  -1.3671
  -1.4004
  -1.4537
  -1.4882
  -1.5669
  -1.6423
  -1.7312
  -1.8425
  -1.9821
  -2.1380
  -2.3095
  -2.4897
  -2.6595
  -2.8039
  -2.9386
  -3.0637
  -3.1800
  -3.2928
  -3.4044
  -3.5005
  -3.6097
  -3.6919
  -3.7867
  -3.8543
  -3.9336
  -3.9928
  -4.0647
  -4.1003
  -4.1511
  -4.1299
  -4.1267
  -4.0138
  -3.9217
  -3.7388
  -3.6076
  -3.4783
  -3.3511
  -3.2625
  -3.1728
  -3.1222
  -3.0678
  -3.0561
  -3.0350
  -3.0486
  -3.0563
  -3.0737
  -3.1120
  -3.1543
  -3.2252
  -3.3032
  -3.3938
  -3.4918
  -3.6017
  -3.7060
  -3.8273
  -3.9425
  -4.0688
  -4.1947
  -4.3323
  -4.4557
  -4.5946
  -4.7250
  -4.8554
  -4.9785
  -5.0987
  -5.2107
  -5.3246
  -5.4245
  -5.5335
  -5.6324
  -5.7329
  -5.8080
  -5.8939
  -5.9584
  -6.0377
  -6.0962
  -6.1668
  -6.2094
   0.8296
   0.5541
   0.2749
  -0.0606
  -0.4002
  -0.6349
  -0.8525
  -0.9758
  -1.1080
  -1.1874
  -1.2722
  -1.3264
  -1.3871
  -1.4204
  -1.4737
  -1.5102
  -1.5789
  -1.6477
  -1.7222
  -1.8385
  -1.9736
  -2.1380
  -2.3174
  -2.4992
  -2.6605
  -2.8039
  -2.9310
  -3.0588
  -3.1800
  -3.2968
  -3.4215
  -3.5202
  -3.6263
  -3.7079
  -3.7985
  -3.8743
  -3.9536
  -4.0111
  -4.0767
  -4.1343
  -4.1956
  -4.1946
  -4.2067
  -4.0918
  -3.9837
  -3.7817
  -3.5929
  -3.4560
  -3.3171
  -3.2445
  -3.1438
  -3.0982
  -3.0378
  -3.0284
  -3.0100
  -3.0250
  -3.0261
  -3.0637
  -3.1020
  -3.1543
  -3.2252
  -3.3032
  -3.3938
  -3.4978
  -3.6022
  -3.7100
  -3.8363
  -3.9525
  -4.0788
  -4.2047
  -4.3413
  -4.4597
  -4.5956
  -4.7290
  -4.8572
  -4.9825
  -5.1087
  -5.2208
  -5.3374
  -5.4385
  -5.5523
  -5.6424
  -5.7439
  -5.8259
  -5.9139
  -5.9784
  -6.0577
  -6.1162
  -6.1868
  -6.2294
   0.9616
   0.6582
   0.3582
  -0.1104
  -0.5042
  -0.7178
  -0.9295
  -1.0158
  -1.1348
  -1.2082
  -1.2922
  -1.3464
  -1.4071
  -1.4404
  -1.4937
  -1.5258
  -1.5713
  -1.6367
  -1.7032
  -1.8282
  -1.9726
  -2.1403
  -2.3332
  -2.5032
  -2.6695
  -2.8003
  -2.9276
  -3.0548
  -3.1710
  -3.3053
  -3.4376
  -3.5402
  -3.6364
  -3.7139
  -3.8022
  -3.8903
  -3.9726
  -4.0171
  -4.0723
  -4.1514
  -4.2196
  -4.2386
  -4.2147
  -4.1455
  -3.9927
  -3.7877
  -3.5845
  -3.4257
  -3.2931
  -3.2112
  -3.0958
  -3.0572
  -2.9885
  -2.9904
  -2.9630
  -3.0002
  -2.9951
  -3.0466
  -3.0830
  -3.1491
  -3.2193
  -3.3032
  -3.3938
  -3.4978
  -3.6032
  -3.7160
  -3.8373
  -3.9601
  -4.0888
  -4.2147
  -4.3458
  -4.4697
  -4.6054
  -4.7355
  -4.8644
  -4.9853
  -5.1152
  -5.2308
  -5.3456
  -5.4505
  -5.5635
  -5.6576
  -5.7554
  -5.8380
  -5.9296
  -5.9984
  -6.0777
  -6.1362
  -6.2068
  -6.2473
   1.1253
   0.8423
   0.4139
  -0.1304
  -0.6886
  -0.8310
  -0.9847
  -1.0601
  -1.1658
  -1.2322
  -1.3122
  -1.3664
  -1.4283
  -1.4644
  -1.5152
  -1.5386
  -1.5755
  -1.6247
  -1.6769
  -1.8002
  -1.9651
  -2.1503
  -2.3374
  -2.5207
  -2.6844
  -2.8103
  -2.9246
  -3.0419
  -3.1610
  -3.3091
  -3.4557
  -3.5642
  -3.6586
  -3.7148
  -3.8057
  -3.9047
  -3.9846
  -4.0274
  -4.0893
  -4.1566
  -4.1998
  -4.2339
  -4.1788
  -4.1332
  -3.9740
  -3.7957
  -3.6145
  -3.4217
  -3.2931
  -3.1812
  -3.0455
  -3.0042
  -2.9465
  -2.9450
  -2.9350
  -2.9582
  -2.9831
  -3.0246
  -3.0716
  -3.1451
  -3.2152
  -3.2988
  -3.3906
  -3.4938
  -3.6038
  -3.7200
  -3.8463
  -3.9701
  -4.0988
  -4.2199
  -4.3513
  -4.4757
  -4.6056
  -4.7355
  -4.8654
  -4.9925
  -5.1187
  -5.2368
  -5.3484
  -5.4560
  -5.5735
  -5.6724
  -5.7664
  -5.8480
  -5.9396
  -6.0178
  -6.0956
  -6.1522
  -6.2178
  -6.2594
   1.0357
   0.8945
   0.3530
  -0.1841
  -0.6343
  -0.8994
  -1.0046
  -1.0862
  -1.1778
  -1.2569
  -1.3412
  -1.3929
  -1.4661
  -1.4944
  -1.5527
  -1.5606
  -1.6066
  -1.6276
  -1.7040
  -1.7959
  -1.9911
  -2.1667
  -2.3575
  -2.5327
  -2.6854
  -2.8163
  -2.9331
  -3.0379
  -3.1778
  -3.3151
  -3.4506
  -3.5740
  -3.6549
  -3.7248
  -3.8125
  -3.9087
  -3.9766
  -4.0354
  -4.0877
  -4.1404
  -4.1663
  -4.1879
  -4.1217
  -4.0875
  -3.9498
  -3.7867
  -3.6039
  -3.4507
  -3.2951
  -3.1598
  -3.0408
  -2.9802
  -2.9425
  -2.9330
  -2.9380
  -2.9515
  -2.9898
  -3.0196
  -3.0796
  -3.1431
  -3.2173
  -3.2988
  -3.3981
  -3.4987
  -3.6132
  -3.7265
  -3.8650
  -3.9825
  -4.1088
  -4.2299
  -4.3587
  -4.4757
  -4.6056
  -4.7355
  -4.8654
  -4.9953
  -5.1152
  -5.2368
  -5.3494
  -5.4620
  -5.5836
  -5.6864
  -5.7790
  -5.8580
  -5.9496
  -6.0278
  -6.1055
  -6.1582
  -6.2188
  -6.2714
   0.8415
   0.7064
   0.2354
  -0.1941
  -0.5272
  -0.8414
  -0.9623
  -1.0882
  -1.1754
  -1.2654
  -1.3442
  -1.4109
  -1.4703
  -1.5164
  -1.5647
  -1.5966
  -1.6425
  -1.6696
  -1.7664
  -1.8519
  -2.0481
  -2.2023
  -2.3721
  -2.5327
  -2.6895
  -2.8203
  -2.9466
  -3.0579
  -3.1890
  -3.3197
  -3.4354
  -3.5542
  -3.6437
  -3.7308
  -3.8105
  -3.8967
  -3.9666
  -4.0288
  -4.0913
  -4.1383
  -4.1429
  -4.1339
  -4.0877
  -4.0335
  -3.9241
  -3.7687
  -3.6102
  -3.4530
  -3.3221
  -3.1718
  -3.0765
  -2.9922
  -2.9761
  -2.9450
  -2.9689
  -2.9662
  -3.0091
  -3.0316
  -3.0986
  -3.1531
  -3.2332
  -3.3028
  -3.4038
  -3.5107
  -3.6222
  -3.7305
  -3.8662
  -3.9885
  -4.1160
  -4.2399
  -4.3652
  -4.4757
  -4.6048
  -4.7315
  -4.8646
  -4.9961
  -5.1232
  -5.2310
  -5.3494
  -5.4620
  -5.5756
  -5.6904
  -5.7694
  -5.8600
  -5.9369
  -6.0258
  -6.0806
  -6.1502
  -6.2008
  -6.2594
   0.9046
   0.6854
   0.5163
   0.1446
  -0.1472
  -0.4773
  -0.7611
  -0.9125
  -1.0618
  -1.1706
  -1.2654
  -1.3442
  -1.4109
  -1.4703
  -1.5223
  -1.5828
  -1.6170
  -1.6821
  -1.7147
  -1.8316
  -1.9242
  -2.1071
  -2.2472
  -2.4054
  -2.5478
  -2.7044
  -2.8341
  -2.9656
  -3.0768
  -3.2080
  -3.3197
  -3.4354
  -3.5422
  -3.6417
  -3.7308
  -3.8177
  -3.8967
  -3.9746
  -4.0348
  -4.0967
  -4.1372
  -4.1344
  -4.1055
  -4.0578
  -4.0108
  -3.8704
  -3.7458
  -3.6269
  -3.4773
  -3.3541
  -3.2092
  -3.1255
  -3.0282
  -3.0161
  -2.9787
  -2.9950
  -2.9982
  -3.0301
  -3.0566
  -3.1100
  -3.1648
  -3.2442
  -3.3172
  -3.4218
  -3.5158
  -3.6322
  -3.7400
  -3.8663
  -3.9885
  -4.1160
  -4.2419
  -4.3613
  -4.4797
  -4.6048
  -4.7295
  -4.8654
  -4.9941
  -5.1117
  -5.2328
  -5.3404
  -5.4580
  -5.5565
  -5.6704
  -5.7559
  -5.8460
  -5.9179
  -6.0024
  -6.0596
  -6.1302
  -6.1808
  -6.2353
   0.8403
   0.5945
   0.3962
   0.0827
  -0.1872
  -0.4674
  -0.7183
  -0.8985
  -1.0458
  -1.1596
  -1.2614
  -1.3442
  -1.4109
  -1.4706
  -1.5262
  -1.5918
  -1.6410
  -1.7159
  -1.7692
  -1.8826
  -1.9844
  -2.1576
  -2.2940
  -2.4396
  -2.5678
  -2.7234
  -2.8481
  -2.9856
  -3.0957
  -3.2190
  -3.3268
  -3.4444
  -3.5462
  -3.6507
  -3.7379
  -3.8277
  -3.9007
  -3.9836
  -4.0411
  -4.1003
  -4.1422
  -4.1570
  -4.1033
  -4.0568
  -4.0012
  -3.8751
  -3.7568
  -3.6516
  -3.5097
  -3.3941
  -3.2492
  -3.1662
  -3.0682
  -3.0561
  -3.0124
  -3.0210
  -3.0182
  -3.0488
  -3.0717
  -3.1200
  -3.1748
  -3.2542
  -3.3368
  -3.4386
  -3.5318
  -3.6422
  -3.7500
  -3.8684
  -3.9885
  -4.1160
  -4.2410
  -4.3623
  -4.4835
  -4.6056
  -4.7355
  -4.8654
  -4.9885
  -5.1097
  -5.2268
  -5.3394
  -5.4505
  -5.5543
  -5.6544
  -5.7459
  -5.8339
  -5.9069
  -5.9864
  -6.0486
  -6.1135
  -6.1608
  -6.2153
   0.7877
   0.5266
   0.3102
   0.0143
  -0.2122
  -0.4924
  -0.7131
  -0.8968
  -1.0417
  -1.1620
  -1.2607
  -1.3442
  -1.4109
  -1.4716
  -1.5322
  -1.6014
  -1.6586
  -1.7428
  -1.8057
  -1.9190
  -2.0325
  -2.1981
  -2.3340
  -2.4717
  -2.5953
  -2.7524
  -2.8721
  -3.0121
  -3.1157
  -3.2382
  -3.3384
  -3.4473
  -3.5522
  -3.6552
  -3.7479
  -3.8377
  -3.9107
  -3.9936
  -4.0551
  -4.1193
  -4.1512
  -4.1810
  -4.1473
  -4.0686
  -3.9832
  -3.8908
  -3.7779
  -3.6806
  -3.5400
  -3.4281
  -3.2892
  -3.2062
  -3.1082
  -3.0885
  -3.0458
  -3.0410
  -3.0382
  -3.0588
  -3.0817
  -3.1300
  -3.1848
  -3.2583
  -3.3443
  -3.4396
  -3.5378
  -3.6432
  -3.7558
  -3.8684
  -3.9885
  -4.1098
  -4.2370
  -4.3558
  -4.4835
  -4.6056
  -4.7355
  -4.8582
  -4.9845
  -5.1007
  -5.2228
  -5.3366
  -5.4465
  -5.5453
  -5.6456
  -5.7359
  -5.8240
  -5.9011
  -5.9764
  -6.0386
  -6.1035
  -6.1420
  -6.1953
   0.7717
   0.5217
   0.2642
  -0.0457
  -0.2722
  -0.5485
  -0.7451
  -0.9267
  -1.0557
  -1.1744
  -1.2647
  -1.3503
  -1.4109
  -1.4716
  -1.5322
  -1.6014
  -1.6746
  -1.7548
  -1.8277
  -1.9578
  -2.0764
  -2.2381
  -2.3645
  -2.5072
  -2.6293
  -2.7872
  -2.9021
  -3.0396
  -3.1357
  -3.2582
  -3.3499
  -3.4573
  -3.5562
  -3.6607
  -3.7539
  -3.8485
  -3.9247
  -4.0126
  -4.0711
  -4.1357
  -4.1672
  -4.1947
  -4.1673
  -4.0907
  -3.9827
  -3.9238
  -3.8119
  -3.7196
  -3.5740
  -3.4671
  -3.3292
  -3.2459
  -3.1442
  -3.1195
  -3.0658
  -3.0511
  -3.0466
  -3.0598
  -3.0877
  -3.1310
  -3.1908
  -3.2583
  -3.3443
  -3.4396
  -3.5378
  -3.6342
  -3.7518
  -3.8594
  -3.9845
  -4.1060
  -4.2310
  -4.3558
  -4.4835
  -4.6056
  -4.7355
  -4.8654
  -4.9785
  -5.0997
  -5.2210
  -5.3304
  -5.4405
  -5.5443
  -5.6396
  -5.7349
  -5.8200
  -5.8959
  -5.9670
  -6.0286
  -6.0927
  -6.1310
  -6.1793
   0.7903
   0.5168
   0.2243
  -0.1156
  -0.3456
  -0.6306
  -0.8018
  -0.9762
  -1.0859
  -1.1958
  -1.2707
  -1.3503
  -1.4084
  -1.4623
  -1.5243
  -1.5834
  -1.6738
  -1.7468
  -1.8433
  -1.9820
  -2.1082
  -2.2771
  -2.3905
  -2.5532
  -2.6693
  -2.8262
  -2.9361
  -3.0696
  -3.1574
  -3.2692
  -3.3599
  -3.4673
  -3.5662
  -3.6707
  -3.7610
  -3.8612
  -3.9447
  -4.0326
  -4.0851
  -4.1557
  -4.1862
  -4.2237
  -4.1913
  -4.1287
  -4.0295
  -3.9818
  -3.8588
  -3.7639
  -3.6140
  -3.5091
  -3.3715
  -3.2859
  -3.1793
  -3.1452
  -3.0815
  -3.0531
  -3.0466
  -3.0521
  -3.0877
  -3.1310
  -3.1908
  -3.2583
  -3.3443
  -3.4306
  -3.5309
  -3.6332
  -3.7458
  -3.8584
  -3.9785
  -4.0998
  -4.2270
  -4.3493
  -4.4835
  -4.6056
  -4.7355
  -4.8654
  -4.9817
  -5.0997
  -5.2168
  -5.3294
  -5.4405
  -5.5443
  -5.6396
  -5.7349
  -5.8179
  -5.8911
  -5.9664
  -6.0265
  -6.0835
  -6.1300
  -6.1713
   1.0824
   0.8263
   0.5476
   0.1784
  -0.1955
  -0.4516
  -0.7328
  -0.8740
  -1.0442
  -1.1242
  -1.2192
  -1.2802
  -1.3464
  -1.4044
  -1.4423
  -1.5043
  -1.5558
  -1.6531
  -1.7237
  -1.8509
  -1.9905
  -2.1382
  -2.3171
  -2.4388
  -2.6111
  -2.7203
  -2.8711
  -2.9685
  -3.0981
  -3.1834
  -3.2887
  -3.3699
  -3.4712
  -3.5722
  -3.6752
  -3.7741
  -3.8802
  -3.9647
  -4.0526
  -4.1091
  -4.1793
  -4.2112
  -4.2484
  -4.2237
  -4.2227
  -4.0975
  -4.0598
  -3.9188
  -3.8106
  -3.6540
  -3.5471
  -3.4215
  -3.3432
  -3.2193
  -3.1633
  -3.0889
  -3.0452
  -3.0386
  -3.0431
  -3.0837
  -3.1306
  -3.1868
  -3.2493
  -3.3348
  -3.4206
  -3.5238
  -3.6242
  -3.7418
  -3.8494
  -3.9745
  -4.0908
  -4.2170
  -4.3458
  -4.4795
  -4.6146
  -4.7395
  -4.8672
  -4.9817
  -5.0997
  -5.2168
  -5.3322
  -5.4445
  -5.5533
  -5.6436
  -5.7290
  -5.8139
  -5.8859
  -5.9638
  -6.0345
  -6.0815
  -6.1216
  -6.1573
   1.1413
   0.9223
   0.6261
   0.2008
  -0.3250
  -0.5723
  -0.8620
  -0.9596
  -1.1059
  -1.1605
  -1.2381
  -1.2937
  -1.3345
  -1.3853
  -1.4121
  -1.4763
  -1.5168
  -1.6178
  -1.6884
  -1.8359
  -1.9911
  -2.1679
  -2.3486
  -2.4872
  -2.6611
  -2.7743
  -2.9239
  -3.0125
  -3.1312
  -3.2034
  -3.2999
  -3.3815
  -3.4731
  -3.5722
  -3.6806
  -3.7841
  -3.8930
  -3.9847
  -4.0807
  -4.1351
  -4.1993
  -4.2312
  -4.2801
  -4.2790
  -4.2908
  -4.1861
  -4.1652
  -3.9948
  -3.8839
  -3.6977
  -3.5920
  -3.4852
  -3.4212
  -3.2654
  -3.1698
  -3.0923
  -3.0292
  -3.0150
  -3.0197
  -3.0756
  -3.1306
  -3.1803
  -3.2324
  -3.3208
  -3.3968
  -3.5098
  -3.6232
  -3.7358
  -3.8484
  -3.9645
  -4.0860
  -4.2159
  -4.3458
  -4.4779
  -4.6156
  -4.7490
  -4.8762
  -4.9848
  -5.0942
  -5.2128
  -5.3350
  -5.4545
  -5.5723
  -5.6548
  -5.7325
  -5.8039
  -5.8806
  -5.9672
  -6.0445
  -6.0900
  -6.1128
  -6.1411
   1.1473
   1.0635
   0.7941
   0.1855
  -0.5110
  -0.7283
  -0.9632
  -1.0476
  -1.1448
  -1.1825
  -1.2349
  -1.2812
  -1.3106
  -1.3613
  -1.3719
  -1.4324
  -1.4527
  -1.5558
  -1.6231
  -1.7950
  -1.9756
  -2.1799
  -2.3891
  -2.5372
  -2.7179
  -2.8268
  -2.9749
  -3.0549
  -3.1687
  -3.2263
  -3.3015
  -3.3850
  -3.4712
  -3.5682
  -3.6760
  -3.7901
  -3.9045
  -4.0091
  -4.1107
  -4.1591
  -4.2156
  -4.2523
  -4.3076
  -4.3190
  -4.3510
  -4.2873
  -4.3002
  -4.1148
  -4.0459
  -3.7767
  -3.7051
  -3.5572
  -3.4640
  -3.3054
  -3.1832
  -3.0863
  -3.0282
  -3.0030
  -3.0115
  -3.0776
  -3.1396
  -3.1743
  -3.2137
  -3.2952
  -3.3791
  -3.5025
  -3.6238
  -3.7394
  -3.8397
  -3.9570
  -4.0822
  -4.2159
  -4.3458
  -4.4779
  -4.6164
  -4.7585
  -4.8934
  -4.9848
  -5.0853
  -5.2070
  -5.3296
  -5.4675
  -5.5922
  -5.6660
  -5.7222
  -5.7937
  -5.8679
  -5.9672
  -6.0614
  -6.0970
  -6.1028
  -6.1251
   1.1678
   0.1009
  -0.7765
  -1.0632
  -1.1726
  -1.2500
  -1.3087
  -1.3667
  -1.4746
  -1.7646
  -2.1796
  -2.5607
  -2.8683
  -3.0969
  -3.2449
  -3.3830
  -3.5665
  -3.7963
  -4.0271
  -4.1771
  -4.2673
  -4.3557
  -4.3650
  -4.2248
  -3.9153
  -3.5978
  -3.3294
  -3.0943
  -3.0110
  -3.0846
  -3.1760
  -3.2828
  -3.4965
  -3.7454
  -3.9550
  -4.2159
  -4.4757
  -4.7640
  -4.9952
  -5.1951
  -5.4735
  -5.6720
  -5.7798
  -5.9638
  -6.0950
  -6.1271
